0 1719.9888916015625 3582.033935546875 1843.4072265625 3671.756591796875 0.7914290428161621
0 1764.0693359375 2299.33544921875 1843.2747802734375 2380.90380859375 0.7863780856132507
0 2759.688720703125 3093.2822265625 2860.952880859375 3174.172607421875 0.7818226218223572
0 1577.96923828125 3789.626220703125 1703.5572509765625 3861.4443359375 0.7732590436935425
0 3025.57470703125 2384.592529296875 3092.6796875 2495.187744140625 0.7538919448852539
0 2195.11279296875 3859.92529296875 2319.204833984375 3934.871826171875 0.7518491744995117
0 1549.253662109375 1408.943115234375 1634.7481689453125 1495.1375732421875 0.7515015006065369
0 2677.07958984375 2188.631103515625 2779.259521484375 2286.8759765625 0.7435794472694397
0 2225.688720703125 1554.958251953125 2339.253173828125 1643.6632080078125 0.7414187788963318
0 841.642578125 1407.241455078125 975.9877319335938 1500.4139404296875 0.7391091585159302
0 327.0649719238281 1999.0128173828125 411.5248718261719 2116.023193359375 0.7382347583770752
0 367.7940368652344 1857.5299072265625 457.3182373046875 1971.1571044921875 0.7366451025009155
0 2296.162109375 2456.679931640625 2434.066162109375 2532.297607421875 0.7364619374275208
0 1610.667724609375 1221.059814453125 1741.7119140625 1304.3861083984375 0.7345632314682007
0 558.9520263671875 1612.8553466796875 699.513427734375 1724.8223876953125 0.7324185371398926
0 2373.01220703125 1456.8067626953125 2480.915771484375 1588.5826416015625 0.7262373566627502
0 1404.094970703125 3435.244873046875 1493.595703125 3513.81396484375 0.7252848744392395
0 2197.4970703125 3558.513671875 2333.927001953125 3634.40869140625 0.7241513133049011
0 2082.119384765625 3667.314697265625 2193.230712890625 3752.8095703125 0.722791314125061
0 1243.5968017578125 3333.728271484375 1335.5162353515625 3430.16015625 0.721290647983551
0 2713.882568359375 3221.849853515625 2819.138671875 3342.04296875 0.7205707430839539
0 1738.0062255859375 1337.18310546875 1875.8668212890625 1414.5238037109375 0.720432460308075
0 311.8531188964844 2875.273681640625 434.6947937011719 3003.9609375 0.7198419570922852
0 2242.5478515625 1479.8568115234375 2360.53759765625 1562.4990234375 0.7182108163833618
0 1395.9432373046875 3739.833984375 1541.1456298828125 3835.62939453125 0.712688684463501
0 2729.4072265625 2833.265380859375 2809.328369140625 2973.638916015625 0.7120969891548157
0 2418.606201171875 3161.523193359375 2499.765380859375 3308.391845703125 0.7108851671218872
0 760.2308959960938 2048.310302734375 899.7428588867188 2129.7978515625 0.709273636341095
0 838.9574584960938 2739.205078125 952.7557983398438 2846.34033203125 0.7019246220588684
0 937.5781860351562 2050.823974609375 1073.210205078125 2158.8046875 0.7001398801803589
0 1558.8057861328125 3907.46142578125 1690.717041015625 4029.64013671875 0.6994936466217041
0 1773.1693115234375 3940.25830078125 1887.500732421875 4037.976318359375 0.69646817445755
0 2657.406494140625 1848.4539794921875 2753.927978515625 1987.6185302734375 0.6961846351623535
0 624.5942993164062 2583.678466796875 715.4752807617188 2720.150390625 0.6933439373970032
0 2545.9853515625 2878.082763671875 2675.06591796875 2989.763671875 0.6891136765480042
0 898.2599487304688 3594.697998046875 1040.2506103515625 3677.466552734375 0.6867043972015381
0 618.8464965820312 2739.93408203125 730.3803100585938 2879.83251953125 0.6839293837547302
0 2283.77734375 3294.4013671875 2364.9921875 3411.533935546875 0.6807104349136353
0 2748.968994140625 3337.293212890625 2876.7490234375 3464.233642578125 0.6796490550041199
0 281.5719299316406 2163.9677734375 389.2459411621094 2291.52880859375 0.6615000367164612
0 433.77569580078125 2148.7685546875 558.0335083007812 2237.84716796875 0.6527877449989319
0 2205.89404296875 2580.4677734375 2290.503173828125 2715.301025390625 0.6294662356376648
0 1201.886962890625 3734.4677734375 1282.7427978515625 3812.908447265625 0.6280871033668518
0 1266.55712890625 3814.44091796875 1375.7498779296875 3954.869873046875 0.6228744983673096
0 1403.3944091796875 3859.566162109375 1523.874267578125 3948.5126953125 0.6167029142379761
0 788.5762939453125 3646.95556640625 940.7853393554688 3725.96435546875 0.6026628017425537
0 887.1028442382812 3747.022705078125 1037.8406982421875 3836.92578125 0.6023081541061401
0 397.7782287597656 2176.376708984375 484.5849609375 2323.625732421875 0.6015543341636658
0 2211.30419921875 3644.52685546875 2317.48095703125 3705.412841796875 0.5312052369117737
0 1119.091796875 3785.40234375 1235.0040283203125 3855.688720703125 0.5178815722465515
0 792.9010620117188 3650.274658203125 977.71044921875 3738.3779296875 0.4171956181526184
