0 2443.852294921875 3058.83935546875 2528.524658203125 3155.579345703125 0.8029488325119019
0 271.9689636230469 2285.32275390625 403.4011535644531 2372.820068359375 0.7913698554039001
0 1198.9573974609375 1649.007080078125 1315.2159423828125 1750.4217529296875 0.7758141160011292
0 463.67962646484375 2051.1865234375 543.2859497070312 2162.998779296875 0.7718912959098816
0 2027.203125 1175.605224609375 2116.01123046875 1268.630615234375 0.7598998546600342
0 452.581787109375 2529.193359375 560.4575805664062 2648.141357421875 0.7527625560760498
0 1501.1258544921875 1716.071533203125 1599.054931640625 1794.8367919921875 0.752568244934082
0 3192.9228515625 1846.9012451171875 3270.22412109375 1966.208251953125 0.7483821511268616
0 298.2662353515625 1881.1014404296875 382.7066650390625 1998.3743896484375 0.7482674717903137
0 1230.629150390625 3344.704833984375 1356.16552734375 3438.691162109375 0.7471515536308289
0 729.0440673828125 2545.13818359375 827.6680908203125 2663.98388671875 0.7370924353599548
0 771.4403686523438 3047.34912109375 852.2037353515625 3167.33642578125 0.7323931455612183
0 3056.899658203125 2633.835205078125 3171.440673828125 2709.148193359375 0.7282788157463074
0 974.39306640625 1675.798583984375 1058.8648681640625 1766.778564453125 0.7256451845169067
0 2408.89892578125 2893.97900390625 2494.115966796875 2977.989501953125 0.7244783639907837
0 380.8009033203125 2032.6171875 479.508056640625 2113.959228515625 0.7126340270042419
0 2405.94189453125 3440.107666015625 2497.704833984375 3554.653564453125 0.7070692181587219
0 1748.6341552734375 3548.21240234375 1828.80908203125 3652.99609375 0.7063811421394348
0 1314.565185546875 3479.137451171875 1401.241455078125 3629.85205078125 0.7008322477340698
0 927.8360595703125 2187.662353515625 1068.8653564453125 2293.046630859375 0.7006809711456299
0 2030.1365966796875 3566.4208984375 2160.08056640625 3644.57080078125 0.6964505314826965
0 1308.126953125 2776.1826171875 1400.4993896484375 2913.656005859375 0.695279061794281
0 2638.835205078125 3105.343505859375 2775.6552734375 3194.77197265625 0.69361412525177
0 1780.2135009765625 687.1466064453125 1876.41748046875 837.8970947265625 0.690288245677948
0 1574.155029296875 3514.193359375 1704.6607666015625 3598.831787109375 0.6879491209983826
0 2600.248291015625 3291.076904296875 2753.38720703125 3380.702880859375 0.6803249716758728
0 2147.22509765625 3317.434326171875 2255.26806640625 3446.884521484375 0.6775170564651489
0 2968.629150390625 1485.7725830078125 3101.363037109375 1580.1939697265625 0.6745501160621643
0 2746.28564453125 3009.76318359375 2833.55322265625 3119.829345703125 0.6730852723121643
0 1844.713134765625 679.859619140625 1971.10546875 798.4173583984375 0.6703326106071472
0 2308.552734375 796.8690185546875 2420.670654296875 927.5113525390625 0.6694278717041016
0 1978.889404296875 701.6249389648438 2096.395263671875 814.9353637695312 0.6677610874176025
0 1889.746337890625 3539.3896484375 1979.4210205078125 3702.51171875 0.6668952703475952
0 3137.73486328125 1610.8363037109375 3214.93798828125 1771.5706787109375 0.6632697582244873
0 2844.42578125 2770.82470703125 2978.665283203125 2891.19677734375 0.6622196435928345
0 2343.485107421875 3351.510986328125 2462.558837890625 3451.6435546875 0.6465994715690613
0 3013.302001953125 2717.768798828125 3165.26611328125 2790.708251953125 0.6459782719612122
0 2146.676513671875 3470.139404296875 2225.764892578125 3592.1416015625 0.6354959607124329
0 1014.7184448242188 1788.2628173828125 1091.787109375 1920.5604248046875 0.6305859088897705
0 2609.04443359375 2909.928955078125 2742.5 3009.614013671875 0.6260731816291809
0 1604.842529296875 3609.67626953125 1746.4412841796875 3711.396484375 0.6203513741493225
0 952.2920532226562 1770.8203125 1027.977783203125 1865.1976318359375 0.6155611276626587
0 1473.830810546875 3597.314208984375 1607.8856201171875 3701.138916015625 0.6135970950126648
0 2208.3583984375 741.0673217773438 2296.223876953125 890.7666625976562 0.6131516695022583
0 2076.8505859375 1015.5453491210938 2189.555419921875 1102.1466064453125 0.6131099462509155
0 2475.910400390625 2848.2001953125 2580.683349609375 2920.22216796875 0.6089504957199097
0 1412.2755126953125 3534.655517578125 1522.4468994140625 3655.4365234375 0.5970789790153503
0 2078.92138671875 3368.519287109375 2157.474365234375 3492.02587890625 0.5924556255340576
0 3093.471923828125 1497.9217529296875 3166.260986328125 1642.461181640625 0.5915631651878357
0 2268.549072265625 3524.81640625 2406.402099609375 3590.30712890625 0.5723528265953064
0 2244.013427734375 3519.746337890625 2364.129150390625 3596.75732421875 0.5365708470344543
0 2061.887939453125 1036.5218505859375 2185.373779296875 1145.86767578125 0.5356436967849731
0 2060.41259765625 1073.6009521484375 2181.534912109375 1152.5140380859375 0.5233656167984009
0 1018.2040405273438 1761.582763671875 1092.9891357421875 1822.8739013671875 0.477802038192749
0 1017.8492431640625 1765.045654296875 1093.5621337890625 1884.0013427734375 0.42872482538223267
0 1798.350830078125 683.3833618164062 1936.3603515625 827.228271484375 0.36717259883880615
0 2761.42724609375 2997.84130859375 2837.760498046875 3115.966552734375 0.2967225909233093
