0 2116.4453125 3372.4140625 2213.7333984375 3458.105224609375 0.8094518184661865
0 1165.4410400390625 3553.203857421875 1277.009033203125 3620.538818359375 0.804885745048523
0 1766.105712890625 2164.41845703125 1889.34912109375 2231.508056640625 0.7910408973693848
0 1332.34765625 2842.182373046875 1435.7984619140625 2911.988037109375 0.7851071953773499
0 1536.3824462890625 3218.46435546875 1610.3505859375 3304.7177734375 0.7777605652809143
0 499.20782470703125 1775.0382080078125 580.0728759765625 1865.3458251953125 0.7653531432151794
0 1475.198974609375 3733.733642578125 1611.5758056640625 3820.819580078125 0.7580875754356384
0 1400.5648193359375 1812.5478515625 1472.766845703125 1927.8780517578125 0.7560650110244751
0 1767.6971435546875 3384.94677734375 1887.4716796875 3484.044921875 0.7527714371681213
0 2959.34375 2707.098876953125 3074.91357421875 2802.756103515625 0.7445939779281616
0 1851.5032958984375 3485.31005859375 1942.7298583984375 3600.72509765625 0.742860734462738
0 2385.991455078125 3569.3349609375 2481.929443359375 3667.587890625 0.7416599988937378
0 2793.171875 3283.764892578125 2866.85009765625 3378.5224609375 0.7331098318099976
0 2422.757080078125 3442.193603515625 2570.08837890625 3526.49951171875 0.7322509288787842
0 1680.9742431640625 1020.095947265625 1818.20263671875 1123.4215087890625 0.7313295602798462
0 1192.6756591796875 2212.59814453125 1293.7357177734375 2299.41015625 0.7249621152877808
0 1873.45068359375 3722.8427734375 1978.002197265625 3836.510986328125 0.7139158248901367
0 1824.6390380859375 3004.073974609375 1944.77294921875 3101.5556640625 0.7118081450462341
0 1683.6949462890625 3598.009765625 1829.3160400390625 3673.781982421875 0.7109451293945312
0 2027.6201171875 3580.372802734375 2141.279052734375 3660.5830078125 0.7077507972717285
0 1025.483154296875 3366.3720703125 1159.483154296875 3447.708251953125 0.706744372844696
0 2119.650146484375 2105.986572265625 2236.336669921875 2198.236572265625 0.705690860748291
0 493.6555480957031 2589.20849609375 569.77734375 2715.98828125 0.7017439603805542
0 1482.08251953125 2098.556396484375 1599.2509765625 2214.6904296875 0.6986318826675415
0 345.1099853515625 2264.39111328125 434.32781982421875 2384.953369140625 0.6974704265594482
0 2235.650390625 3648.1953125 2352.307861328125 3766.232421875 0.6964123249053955
0 346.0901184082031 2386.2265625 440.9815673828125 2512.39111328125 0.6934167742729187
0 3132.43017578125 2363.964599609375 3255.432861328125 2492.169677734375 0.6900511980056763
0 2549.994384765625 3229.72607421875 2634.917236328125 3340.39697265625 0.6877451539039612
0 1769.095947265625 2816.998779296875 1839.3992919921875 2894.179931640625 0.6845896244049072
0 2114.06005859375 2603.312255859375 2198.95458984375 2737.666015625 0.6793196201324463
0 3146.640380859375 2488.66015625 3252.15283203125 2621.50341796875 0.6642671823501587
0 877.7323608398438 3373.5 970.90771484375 3437.9140625 0.6630758047103882
0 738.3497924804688 3268.10595703125 828.1817626953125 3355.62158203125 0.6615648865699768
0 3148.134033203125 2201.709716796875 3245.1796875 2338.349853515625 0.6605214476585388
0 2899.708740234375 1581.5784912109375 2978.075927734375 1707.6656494140625 0.6596766710281372
0 1270.3489990234375 3579.229736328125 1390.4647216796875 3646.903564453125 0.6565048694610596
0 2719.070556640625 3333.12109375 2803.01171875 3472.33642578125 0.6365531086921692
0 2070.33251953125 3729.267822265625 2181.6728515625 3810.08203125 0.6225736141204834
0 2040.5869140625 3654.943359375 2156.073974609375 3742.169677734375 0.6038642525672913
0 2547.059814453125 3315.9892578125 2622.63232421875 3404.2470703125 0.5983843803405762
0 1192.739013671875 3640.980224609375 1273.608642578125 3746.629638671875 0.5973555445671082
0 1359.5831298828125 3701.994384765625 1503.453369140625 3785.195556640625 0.5883714556694031
0 2550.141357421875 3417.711181640625 2685.048828125 3495.9140625 0.5869864225387573
0 2625.1396484375 3346.1650390625 2721.88818359375 3468.4677734375 0.5795958042144775
0 889.6980590820312 3428.9228515625 992.2937622070312 3528.07763671875 0.5707755088806152
0 1275.6907958984375 3661.88330078125 1398.7694091796875 3752.38916015625 0.5638845562934875
0 1406.1025390625 3621.5673828125 1517.073974609375 3693.369873046875 0.5464372634887695
0 2783.637939453125 1630.8345947265625 2839.203369140625 1713.89599609375 0.531060516834259
0 805.852783203125 3315.63427734375 899.9102783203125 3388.51513671875 0.47069746255874634
0 829.84375 3258.223876953125 911.4163818359375 3311.0849609375 0.42582985758781433
0 791.8419189453125 3363.862060546875 876.163818359375 3448.474853515625 0.37528514862060547
0 796.2294311523438 3317.99755859375 890.2426147460938 3409.1943359375 0.374708354473114
0 2670.99072265625 3340.812744140625 2756.06103515625 3479.6767578125 0.33747848868370056
0 791.8949584960938 3373.375 858.647705078125 3451.867919921875 0.2755044400691986
0 821.493896484375 3262.421142578125 908.074462890625 3320.289794921875 0.2674919068813324
