0 3278.53369140625 824.1507568359375 3400.77294921875 935.9343872070312 0.7653799057006836
0 2835.361083984375 600.3973999023438 2922.43994140625 737.0582275390625 0.7539512515068054
0 2207.3154296875 3057.0302734375 2325.890869140625 3153.47900390625 0.7460464835166931
0 2925.85498046875 2322.48046875 3026.37255859375 2440.845947265625 0.7426091432571411
0 2871.767578125 2170.9189453125 2970.072998046875 2286.208740234375 0.7329725027084351
0 814.277587890625 1982.2274169921875 921.7022094726562 2098.01171875 0.7325064539909363
0 3492.313232421875 1928.00146484375 3576.136474609375 2063.871826171875 0.725486695766449
0 2316.18310546875 384.3893127441406 2441.699951171875 500.77532958984375 0.7253011465072632
0 3588.999755859375 1633.070556640625 3731.847412109375 1711.0115966796875 0.7248413562774658
0 3190.617919921875 1640.8560791015625 3340.711669921875 1720.0396728515625 0.7227261662483215
0 3032.353759765625 2528.3486328125 3159.904541015625 2662.91162109375 0.7123844623565674
0 2952.3544921875 2828.175048828125 3035.173828125 2952.82568359375 0.7065007090568542
0 3418.14404296875 1017.2537231445312 3552.634765625 1099.53369140625 0.7052794694900513
0 2836.3232421875 2891.67529296875 2922.055908203125 3031.302490234375 0.6977647542953491
0 1950.1510009765625 697.4027099609375 2029.2901611328125 832.1739501953125 0.6933813691139221
0 3083.9912109375 802.1409912109375 3169.48486328125 955.7283325195312 0.6823872327804565
0 1393.3648681640625 1203.533447265625 1478.6043701171875 1311.385986328125 0.583207905292511
0 1386.5313720703125 1272.7518310546875 1502.4267578125 1348.0238037109375 0.4767235219478607
0 1387.3001708984375 1232.1290283203125 1503.653076171875 1344.779052734375 0.35959964990615845
