0 1526.7437744140625 1872.4095458984375 1608.623291015625 2003.8177490234375 0.7277441024780273
0 1358.2413330078125 2000.4078369140625 1481.62353515625 2083.054931640625 0.724799633026123
0 1862.1361083984375 2173.473388671875 1993.7998046875 2252.447509765625 0.7193045020103455
0 1083.2803955078125 2106.777099609375 1166.4744873046875 2232.2744140625 0.7159574031829834
0 1278.7777099609375 2596.132568359375 1410.4356689453125 2673.12255859375 0.7136297821998596
0 1242.01318359375 2236.24169921875 1356.7978515625 2367.11328125 0.6936895251274109
0 1732.9947509765625 2488.793212890625 1822.253173828125 2614.227294921875 0.6857529282569885
0 994.9094848632812 2471.691162109375 1102.474365234375 2587.17236328125 0.6682685613632202
0 1081.6268310546875 2434.233642578125 1211.4383544921875 2522.01708984375 0.6583551168441772
0 1000.0410766601562 2347.225341796875 1087.6868896484375 2462.277587890625 0.6019614934921265
0 1829.3089599609375 2451.289306640625 1915.97509765625 2583.674072265625 0.5900180339813232
0 1931.5653076171875 2469.436767578125 1997.4476318359375 2594.723388671875 0.5641763210296631
0 930.764404296875 2328.373046875 1011.691650390625 2460.968017578125 0.5360301733016968
