0 2447.745361328125 2900.74267578125 2531.10205078125 3004.312744140625 0.7611587643623352
0 554.2474365234375 3209.0625 633.4188842773438 3320.999755859375 0.7455535531044006
0 2031.298583984375 3331.7783203125 2116.765869140625 3470.707275390625 0.7453119158744812
0 460.8296813964844 2454.1748046875 569.5609741210938 2530.324462890625 0.744814395904541
0 342.8407287597656 2350.65283203125 414.6610412597656 2426.66259765625 0.7407443523406982
0 2191.435791015625 3668.820556640625 2272.484130859375 3750.59130859375 0.7402560710906982
0 1939.44970703125 1803.3416748046875 2033.1954345703125 1928.018798828125 0.73870849609375
0 2779.224609375 1902.75634765625 2913.67431640625 1985.5697021484375 0.7358254194259644
0 1496.26220703125 3928.572021484375 1628.6998291015625 4015.778564453125 0.7333131432533264
0 290.1888732910156 2398.0322265625 360.1021728515625 2502.5224609375 0.7301151752471924
0 2936.841796875 2350.3837890625 3012.666259765625 2452.2431640625 0.729508638381958
0 2273.850830078125 3751.689697265625 2350.632568359375 3864.880859375 0.7288122773170471
0 1391.0870361328125 3209.35205078125 1507.2607421875 3302.11865234375 0.7271571159362793
0 2375.977294921875 2081.142578125 2439.107177734375 2193.95068359375 0.7259362936019897
0 1668.98876953125 2963.376708984375 1779.647705078125 3030.343505859375 0.7235412001609802
0 1668.122314453125 2362.91552734375 1731.5855712890625 2469.71630859375 0.7221530079841614
0 2931.42724609375 3038.585693359375 3016.839599609375 3179.44482421875 0.711432933807373
0 2392.86083984375 3110.1669921875 2470.578857421875 3192.6591796875 0.711365282535553
0 1262.8594970703125 2637.579833984375 1353.625244140625 2732.563720703125 0.7065571546554565
0 1538.70068359375 2483.14599609375 1625.2806396484375 2580.10986328125 0.7022260427474976
0 2938.953369140625 2906.591796875 3030.754638671875 3019.80908203125 0.6955313682556152
0 2146.331298828125 3815.382080078125 2249.834228515625 3943.247802734375 0.695143461227417
0 2362.9248046875 3267.769775390625 2482.272705078125 3344.01611328125 0.6917292475700378
0 1413.943603515625 3754.05712890625 1534.4713134765625 3833.154052734375 0.6879316568374634
0 1855.7723388671875 3402.86572265625 1926.02978515625 3518.935546875 0.6874921321868896
0 2494.199951171875 2078.64404296875 2608.27099609375 2188.248291015625 0.674550473690033
0 2250.135009765625 3118.0771484375 2367.9365234375 3221.761474609375 0.674510657787323
0 2832.22607421875 3246.622314453125 2909.398193359375 3377.305908203125 0.6744940280914307
0 1505.894287109375 1426.765380859375 1586.988525390625 1559.4658203125 0.6743828058242798
0 1184.316650390625 3837.246337890625 1306.5177001953125 3951.8994140625 0.6737918257713318
0 2162.412109375 3503.111083984375 2240.47314453125 3615.3583984375 0.6703863143920898
0 2377.21337890625 3428.86083984375 2455.157958984375 3550.04052734375 0.6694095730781555
0 372.0751647949219 2406.048095703125 482.9032287597656 2511.471435546875 0.6623113751411438
0 2880.283203125 3167.05615234375 2962.66162109375 3286.40283203125 0.6516445279121399
0 1405.810791015625 3867.43310546875 1489.8701171875 3995.35791015625 0.635365903377533
0 2256.029541015625 3244.180908203125 2359.115966796875 3332.7041015625 0.6180789470672607
0 2535.356201171875 3467.70361328125 2614.504638671875 3548.32373046875 0.6169066429138184
0 2309.5693359375 3632.672607421875 2424.2421875 3725.487060546875 0.6119005680084229
0 2384.562255859375 2004.801025390625 2479.817626953125 2067.539306640625 0.6035445928573608
0 2766.826904296875 3324.315673828125 2844.11865234375 3448.826904296875 0.5977190732955933
0 2539.416259765625 3394.146240234375 2673.80859375 3463.568359375 0.5931692719459534
0 2454.966552734375 3513.31640625 2556.447265625 3600.02783203125 0.587648332118988
0 2671.617431640625 3302.400146484375 2757.962646484375 3409.403564453125 0.5730862021446228
0 2422.64453125 3682.56005859375 2512.995849609375 3782.328369140625 0.5568345785140991
0 1324.56005859375 3882.586669921875 1404.97802734375 3993.618896484375 0.5548019409179688
0 2682.630615234375 3427.652587890625 2792.239990234375 3499.21044921875 0.5393290519714355
0 2460.6025390625 3625.73583984375 2598.872314453125 3710.8671875 0.5310349464416504
0 362.03582763671875 2405.60400390625 457.1012878417969 2517.962646484375 0.5093604326248169
0 2618.592529296875 3512.0859375 2703.2548828125 3636.30517578125 0.4483482241630554
0 2541.474853515625 3570.311279296875 2625.926513671875 3658.037353515625 0.4224431812763214
0 2404.242919921875 3575.589111328125 2520.900634765625 3661.36767578125 0.4002224802970886
0 2463.69140625 1930.489013671875 2514.50634765625 1986.663330078125 0.3793599605560303
0 2440.549072265625 3607.40185546875 2588.0830078125 3707.98388671875 0.35120052099227905
0 2607.034423828125 3552.12744140625 2678.06103515625 3664.359130859375 0.29326948523521423
