0 280.630126953125 1987.526611328125 363.7370910644531 2104.891845703125 0.7785224914550781
0 1301.9337158203125 3168.956298828125 1392.4332275390625 3264.31640625 0.7770488858222961
0 2265.755859375 3507.088134765625 2363.61083984375 3614.429443359375 0.7747542262077332
0 2215.1416015625 2684.47265625 2305.65869140625 2805.237548828125 0.7644397020339966
0 1642.2347412109375 971.4144897460938 1779.7037353515625 1054.5838623046875 0.7614155411720276
0 2247.551025390625 2410.2890625 2351.21728515625 2483.304443359375 0.7608240246772766
0 779.9551391601562 1895.4703369140625 899.83935546875 2006.17578125 0.7452991604804993
0 702.36669921875 1181.6925048828125 787.370849609375 1314.6243896484375 0.736903965473175
0 1846.7779541015625 3463.065185546875 1983.5968017578125 3574.186279296875 0.7346334457397461
0 2404.3173828125 3163.8994140625 2533.635009765625 3316.615234375 0.7308579087257385
0 1462.4476318359375 3477.070068359375 1589.458740234375 3569.71875 0.7177132964134216
0 1506.3458251953125 1995.7816162109375 1597.1141357421875 2080.3232421875 0.7166488170623779
0 3001.968505859375 2980.154541015625 3151.624755859375 3093.36328125 0.7134465575218201
0 1005.714599609375 3457.415771484375 1144.6417236328125 3569.894287109375 0.710657000541687
0 616.127197265625 2739.654296875 721.1075439453125 2888.36865234375 0.7100708484649658
0 1762.128173828125 3900.076171875 1906.1998291015625 3976.05859375 0.7046219110488892
0 2379.669921875 1400.94873046875 2471.61767578125 1537.8101806640625 0.6951385140419006
0 865.105712890625 2889.323974609375 1020.8034057617188 3010.3427734375 0.6910820007324219
0 2469.659912109375 2897.535400390625 2567.121826171875 3052.310546875 0.6844912171363831
0 2924.386962890625 3126.809326171875 3082.03857421875 3222.901123046875 0.6843566298484802
0 2814.45068359375 3246.21923828125 2950.571533203125 3377.657958984375 0.6758072972297668
0 641.4193115234375 3292.834228515625 804.7432861328125 3386.8349609375 0.6745182275772095
0 157.3548583984375 2409.150634765625 249.91722106933594 2495.34033203125 0.6671909689903259
0 52.792198181152344 2258.2978515625 191.84483337402344 2353.85498046875 0.6643984317779541
0 2443.822509765625 1032.4361572265625 2533.18896484375 1177.0496826171875 0.6618565320968628
0 2672.3232421875 1166.4091796875 2755.4912109375 1279.9879150390625 0.6473820209503174
0 1765.1983642578125 3793.777587890625 1890.366943359375 3890.47705078125 0.6460885405540466
0 2956.32421875 1689.21630859375 3070.158203125 1799.5654296875 0.6452594995498657
0 56.089332580566406 2357.496337890625 195.67857360839844 2428.278076171875 0.6339120268821716
0 2254.239990234375 3683.809814453125 2405.67138671875 3796.357666015625 0.6274712681770325
0 3096.517822265625 1822.2801513671875 3179.83544921875 1950.25048828125 0.6136527061462402
0 3157.08984375 2027.99365234375 3244.75146484375 2174.310546875 0.594360888004303
0 1869.9622802734375 3632.716552734375 1935.1051025390625 3714.064208984375 0.589586079120636
0 3005.408935546875 1873.3486328125 3082.359375 2013.0938720703125 0.5879702568054199
0 2504.428466796875 1121.3712158203125 2580.938720703125 1256.0479736328125 0.5613306760787964
0 3122.147705078125 1915.5894775390625 3208.99365234375 2060.179931640625 0.5412128567695618
0 2035.692626953125 3529.29541015625 2139.90380859375 3607.099609375 0.5375401377677917
0 2585.440185546875 1139.935302734375 2660.566650390625 1280.639404296875 0.5335633754730225
0 1847.1622314453125 3731.8818359375 1972.4302978515625 3818.941650390625 0.5116742849349976
0 3025.80615234375 1754.8233642578125 3158.83203125 1864.2066650390625 0.5097377896308899
0 2090.099853515625 3657.677734375 2192.90625 3766.83251953125 0.49687451124191284
0 1949.38330078125 3635.2490234375 2078.947265625 3753.9462890625 0.45966294407844543
0 2011.6854248046875 3799.80615234375 2098.579345703125 3936.68603515625 0.4574452340602875
0 2090.738037109375 3764.905517578125 2180.9404296875 3902.635009765625 0.4480636715888977
0 2166.2265625 3763.263427734375 2254.492919921875 3862.037109375 0.42716628313064575
0 1764.418212890625 3802.5 1911.3076171875 3903.397216796875 0.41378074884414673
0 1867.2799072265625 3843.35791015625 1958.0528564453125 3925.65234375 0.4045052230358124
0 2520.7275390625 1108.3358154296875 2599.066162109375 1242.6689453125 0.39993682503700256
0 1939.3101806640625 3808.466552734375 2013.5819091796875 3918.0234375 0.36474844813346863
0 2206.0244140625 3693.310791015625 2309.822265625 3817.49609375 0.3640596270561218
0 2209.65185546875 3684.66455078125 2402.344970703125 3810.249755859375 0.2880936861038208
0 1858.0718994140625 3628.593017578125 1958.7562255859375 3725.73046875 0.2678510248661041
