0 437.8526916503906 2040.6669921875 550.5122680664062 2158.284912109375 0.8234406113624573
0 2591.730224609375 1633.7928466796875 2723.41455078125 1716.161376953125 0.7765679955482483
0 2770.19921875 3476.1767578125 2855.11767578125 3597.415771484375 0.7687152028083801
0 2461.78857421875 3194.716796875 2543.880859375 3278.17822265625 0.76849365234375
0 2395.308349609375 1932.432861328125 2483.01904296875 2063.84033203125 0.7656536102294922
0 2611.71923828125 1754.887939453125 2733.380859375 1813.6405029296875 0.7529631853103638
0 2215.868408203125 3149.6025390625 2310.156494140625 3216.946044921875 0.7517788410186768
0 465.6308898925781 1832.2481689453125 553.4664916992188 1939.31298828125 0.7502509951591492
0 659.1923828125 1594.4114990234375 801.8573608398438 1688.735107421875 0.7492451667785645
0 1297.38427734375 1359.5804443359375 1430.9049072265625 1487.5262451171875 0.7471843361854553
0 2011.4705810546875 1466.927490234375 2094.781982421875 1552.091796875 0.7454207539558411
0 1108.333251953125 3336.818359375 1201.981689453125 3456.524658203125 0.7442211508750916
0 2851.49755859375 1761.5020751953125 2951.429931640625 1900.9727783203125 0.7379050850868225
0 408.583984375 1940.123779296875 497.1904296875 2061.673828125 0.737440824508667
0 2057.984130859375 1295.3114013671875 2176.519287109375 1392.544189453125 0.7352239489555359
0 2590.265869140625 3604.718994140625 2673.53125 3705.9296875 0.7350074648857117
0 2620.4306640625 2997.4140625 2714.32958984375 3106.29150390625 0.734940767288208
0 1823.034423828125 2113.87744140625 1895.2095947265625 2194.383056640625 0.7340335845947266
0 2240.120361328125 1464.084716796875 2370.174072265625 1543.7890625 0.7337970733642578
0 1988.46435546875 3050.943359375 2070.574951171875 3182.201171875 0.7325626015663147
0 1497.7481689453125 3254.91650390625 1573.4158935546875 3377.47265625 0.7249893546104431
0 1030.8914794921875 1945.9588623046875 1126.4224853515625 2067.60986328125 0.7210147380828857
0 1429.754150390625 2273.715576171875 1563.0582275390625 2350.9970703125 0.713343620300293
0 2654.9599609375 3131.63671875 2731.916748046875 3261.79833984375 0.7131526470184326
0 2562.729248046875 1513.519287109375 2709.170654296875 1613.4444580078125 0.709369957447052
0 2189.764404296875 3739.10400390625 2324.5517578125 3865.55712890625 0.7069788575172424
0 1408.861328125 3750.472412109375 1553.661865234375 3848.537841796875 0.7029163241386414
0 1782.094970703125 3942.16259765625 1884.79150390625 4026.721923828125 0.6962600946426392
0 1739.3828125 3519.943359375 1870.0740966796875 3599.812255859375 0.6927815079689026
0 1980.7900390625 3905.808837890625 2086.873046875 4010.107177734375 0.688689649105072
0 711.5518188476562 2525.189208984375 811.2550659179688 2652.550537109375 0.6877742409706116
0 1465.2607421875 3442.35546875 1541.22265625 3521.347900390625 0.684433102607727
0 1589.9683837890625 3914.986328125 1721.3306884765625 4033.61181640625 0.6805704832077026
0 449.33441162109375 2145.3505859375 584.4945068359375 2249.866943359375 0.6785451173782349
0 2273.381591796875 3614.4326171875 2396.438720703125 3706.080810546875 0.6727259755134583
0 485.86468505859375 2911.979736328125 619.230224609375 3033.10009765625 0.6684422492980957
0 1878.24072265625 3903.349365234375 1968.0621337890625 4041.321533203125 0.6666824221611023
0 2538.24365234375 3710.060791015625 2635.3984375 3840.636474609375 0.6570454239845276
0 2197.638916015625 2888.02294921875 2289.05078125 2990.661376953125 0.6561253070831299
0 2330.75 3808.378662109375 2438.4638671875 3935.575439453125 0.6540769934654236
0 813.1028442382812 2640.35302734375 928.8743286132812 2736.028564453125 0.653125524520874
0 2315.847900390625 3481.802978515625 2443.07275390625 3583.674072265625 0.6528018116950989
0 436.39892578125 2252.17333984375 523.6947631835938 2378.32861328125 0.6520601511001587
0 2441.96826171875 3745.777587890625 2534.498291015625 3889.265869140625 0.6190192103385925
0 2188.757568359375 3877.192138671875 2306.77978515625 3989.903564453125 0.6135150194168091
0 2518.669677734375 3460.705078125 2599.07666015625 3597.942138671875 0.6098117828369141
0 543.5195922851562 2199.1904296875 623.37451171875 2284.32958984375 0.5842598080635071
0 2118.670166015625 3889.949951171875 2188.338134765625 4001.331298828125 0.5739348530769348
0 2497.465576171875 3613.375 2585.789306640625 3738.912109375 0.5547258257865906
0 2298.93994140625 3606.751708984375 2405.431884765625 3702.39404296875 0.49678656458854675
0 2491.48388671875 3650.896484375 2586.618408203125 3752.309814453125 0.4724070727825165
0 2307.87939453125 3491.450927734375 2426.9677734375 3595.438720703125 0.38633304834365845
0 2316.503662109375 3581.913818359375 2413.46533203125 3660.677490234375 0.27424609661102295
