0 880.6013793945312 3155.436279296875 964.2515869140625 3245.09814453125 0.7785048484802246
0 358.6469421386719 2152.8916015625 459.36090087890625 2248.66162109375 0.7751034498214722
0 1138.572509765625 949.80615234375 1284.024658203125 1041.4854736328125 0.7699084877967834
0 365.6277770996094 1494.2274169921875 495.90814208984375 1573.8526611328125 0.7630125880241394
0 948.2154541015625 1209.9232177734375 1103.0364990234375 1318.096435546875 0.7528144121170044
0 575.7284545898438 2771.341796875 657.6828002929688 2851.2880859375 0.7511882185935974
0 1289.370849609375 2175.30078125 1389.63623046875 2300.629150390625 0.7421261668205261
0 962.3085327148438 2293.287353515625 1040.6583251953125 2376.318359375 0.7405617237091064
0 2725.878662109375 1644.242431640625 2867.337646484375 1755.715576171875 0.735818088054657
0 637.8070678710938 3029.52001953125 759.65185546875 3124.705322265625 0.7289512753486633
0 511.9879150390625 3232.187744140625 591.0341796875 3359.58349609375 0.7265785336494446
0 2761.573486328125 3124.45263671875 2868.26513671875 3244.51123046875 0.7248780727386475
0 1116.5374755859375 3240.434326171875 1204.925537109375 3377.226806640625 0.7244024872779846
0 1523.2266845703125 3787.534912109375 1655.32421875 3892.603515625 0.719849705696106
0 1341.50537109375 3692.34326171875 1476.41748046875 3775.36865234375 0.7193856835365295
0 2474.945556640625 1821.58203125 2599.1845703125 1894.6483154296875 0.7189490795135498
0 714.64111328125 1991.9091796875 798.6369018554688 2115.699462890625 0.7150018215179443
0 1865.5789794921875 1318.3548583984375 1949.46240234375 1467.274169921875 0.7147337198257446
0 1631.9647216796875 3801.61572265625 1776.0145263671875 3904.316650390625 0.7142015099525452
0 573.693115234375 3341.992919921875 710.87939453125 3443.20654296875 0.7135744094848633
0 281.2750244140625 2809.9755859375 354.4842529296875 2919.321533203125 0.7083762884140015
0 914.210693359375 3503.564697265625 1069.218994140625 3577.72607421875 0.7062132954597473
0 2876.7138671875 1648.8924560546875 3028.076904296875 1724.7423095703125 0.7020990252494812
0 179.2222900390625 2397.398681640625 285.91583251953125 2509.927978515625 0.6985103487968445
0 2694.09423828125 1377.9017333984375 2823.3271484375 1467.3199462890625 0.697683572769165
0 3122.317626953125 2494.1982421875 3226.676513671875 2633.912841796875 0.6963900923728943
0 2042.8477783203125 3445.240966796875 2139.29931640625 3534.04150390625 0.6951485872268677
0 1907.364013671875 3556.43994140625 2043.1192626953125 3661.23291015625 0.693553626537323
0 1655.019287109375 2613.84033203125 1739.244140625 2726.3095703125 0.6905683875083923
0 2479.3056640625 2920.06982421875 2619.9638671875 3035.769287109375 0.6847653985023499
0 358.264404296875 2969.37548828125 444.62042236328125 3116.4423828125 0.6841956377029419
0 1614.351806640625 1716.926025390625 1730.9283447265625 1818.548095703125 0.6835437417030334
0 1128.2744140625 3696.5146484375 1210.891845703125 3816.11669921875 0.6829624772071838
0 786.4678955078125 1701.373046875 931.7969360351562 1807.1173095703125 0.6800869703292847
0 2523.760009765625 3132.484619140625 2608.667724609375 3260.62939453125 0.6799474358558655
0 1410.5281982421875 3788.004638671875 1541.8955078125 3876.29931640625 0.6724340319633484
0 3034.052978515625 2829.06298828125 3145.423095703125 2924.09521484375 0.6695528626441956
0 317.3705749511719 2868.903564453125 411.7046203613281 3003.179931640625 0.6674972772598267
0 3072.719970703125 2715.516357421875 3174.12255859375 2852.586181640625 0.6657348275184631
0 2110.530029296875 2409.224365234375 2186.580322265625 2550.892822265625 0.6614121198654175
0 2807.87890625 1407.6710205078125 2904.4765625 1521.853515625 0.6493057012557983
0 2904.453125 1484.920654296875 2990.609130859375 1629.627685546875 0.64314204454422
0 1221.001220703125 3687.509521484375 1306.9571533203125 3837.2900390625 0.6355332732200623
0 2774.8056640625 1526.2801513671875 2890.5419921875 1617.1727294921875 0.6102244853973389
0 2748.951904296875 3246.74365234375 2823.67724609375 3359.002685546875 0.6021062135696411
0 2836.13037109375 3228.541259765625 2911.49267578125 3357.981689453125 0.5888173580169678
0 2122.286865234375 3314.951416015625 2254.1044921875 3421.9541015625 0.5822998881340027
0 458.9766845703125 3167.8330078125 541.8294677734375 3269.273681640625 0.5695362091064453
0 2192.77880859375 3363.816162109375 2287.89404296875 3469.646728515625 0.5524144768714905
0 2684.63916015625 1479.484619140625 2805.792724609375 1602.007568359375 0.5394234657287598
