0 1972.5968017578125 3172.918701171875 2089.357421875 3263.68994140625 0.7553573250770569
0 1528.805419921875 2765.4228515625 1614.8189697265625 2895.83251953125 0.7443079948425293
0 1103.11669921875 2783.254150390625 1229.044921875 2896.063720703125 0.7336404323577881
0 1273.786865234375 2334.89111328125 1400.4373779296875 2410.65966796875 0.728539764881134
0 1559.15185546875 2625.016357421875 1652.8419189453125 2754.058837890625 0.7277595400810242
0 2161.400390625 2797.363525390625 2274.324951171875 2946.961181640625 0.7153579592704773
0 1391.1309814453125 2552.159423828125 1540.5072021484375 2649.79345703125 0.7105803489685059
0 1541.98291015625 2976.28662109375 1628.6292724609375 3105.47998046875 0.705148458480835
0 1296.910400390625 3079.087158203125 1395.7882080078125 3234.54248046875 0.6970539093017578
0 1113.759521484375 2464.7802734375 1264.034912109375 2565.85546875 0.6866036653518677
