0 3092.370849609375 2476.838623046875 3184.50244140625 2571.58837890625 0.7919019460678101
0 457.0848083496094 1686.9805908203125 547.3554077148438 1816.012451171875 0.7621696591377258
0 2408.668701171875 2054.47998046875 2544.7451171875 2128.39501953125 0.7562548518180847
0 2634.936279296875 3528.570556640625 2754.001953125 3630.189697265625 0.7509174942970276
0 2007.01123046875 2930.816650390625 2112.08056640625 3020.20068359375 0.7451726794242859
0 687.8609008789062 3553.023681640625 810.14208984375 3624.950439453125 0.7365272641181946
0 369.4435729980469 3190.679931640625 517.807861328125 3272.90234375 0.7304086089134216
0 238.94314575195312 2595.340087890625 324.960693359375 2740.250732421875 0.7282568216323853
0 1521.284423828125 2363.25048828125 1636.7115478515625 2483.08447265625 0.7242772579193115
0 945.4722900390625 3054.516357421875 1064.391845703125 3177.727783203125 0.720253586769104
0 821.1431884765625 2503.1298828125 964.61376953125 2578.460693359375 0.7100397348403931
0 1868.04736328125 2875.84716796875 2007.8067626953125 2959.082275390625 0.7082637548446655
0 2866.11767578125 3170.40966796875 2955.05224609375 3266.773193359375 0.7077162861824036
0 161.95217895507812 2259.21728515625 268.7200012207031 2375.794921875 0.7068080306053162
0 2376.9208984375 3608.380615234375 2476.4833984375 3740.97412109375 0.6980735659599304
0 541.4766235351562 3413.2939453125 690.7200317382812 3488.875 0.6963508725166321
0 2910.525634765625 2595.52197265625 3017.525390625 2731.46923828125 0.6960156559944153
0 648.4078369140625 2293.986083984375 730.2321166992188 2448.117919921875 0.6958366632461548
0 703.2444458007812 3324.109619140625 829.560546875 3431.39306640625 0.6942037343978882
0 155.55615234375 2474.46826171875 305.00506591796875 2551.65234375 0.6929288506507874
0 2243.740234375 2693.32177734375 2346.7353515625 2807.9296875 0.687149703502655
0 415.943115234375 3283.660888671875 560.0162353515625 3378.714111328125 0.6863040328025818
0 1129.0948486328125 2824.232421875 1207.133056640625 2970.664306640625 0.6844598054885864
0 1878.082275390625 2169.6513671875 1968.30029296875 2293.39501953125 0.6828827261924744
0 985.233154296875 3400.681884765625 1109.3236083984375 3496.43017578125 0.6815357208251953
0 2439.674560546875 1130.578369140625 2528.0439453125 1286.1173095703125 0.6803433895111084
0 1644.676025390625 1804.50439453125 1783.064697265625 1913.9276123046875 0.676852822303772
0 1017.2924194335938 3512.303955078125 1108.15771484375 3589.687744140625 0.6744287610054016
0 523.3152465820312 2258.5263671875 608.843994140625 2399.43408203125 0.6697208881378174
0 732.4973754882812 3609.896484375 889.1672973632812 3685.475341796875 0.6678868532180786
0 778.0580444335938 2861.8701171875 879.4317626953125 2988.18212890625 0.6533468961715698
0 1760.2410888671875 3194.345458984375 1897.98388671875 3286.330078125 0.6440642476081848
0 1036.8511962890625 2719.7353515625 1131.5787353515625 2804.181884765625 0.6427038908004761
0 2731.816162109375 3126.661865234375 2858.911376953125 3234.36865234375 0.6416366696357727
0 821.0025634765625 3341.785400390625 940.5653686523438 3452.41552734375 0.6398991942405701
0 1597.0135498046875 3928.74267578125 1725.9078369140625 4016.927978515625 0.6387656927108765
0 2904.249755859375 3316.558349609375 2978.394775390625 3439.612548828125 0.6358953714370728
0 2837.279296875 3256.489990234375 2901.31640625 3368.808349609375 0.6351655125617981
0 352.0276794433594 2294.32177734375 434.5384521484375 2425.517822265625 0.6258533000946045
0 914.9781494140625 3440.1484375 1007.1914672851562 3542.446533203125 0.6183791160583496
0 1869.46240234375 3909.958740234375 1972.3707275390625 3997.765869140625 0.6107761859893799
0 2335.904296875 1060.8489990234375 2417.31103515625 1217.3729248046875 0.6080026626586914
0 607.0812377929688 3468.34423828125 763.6170654296875 3557.138427734375 0.6028010845184326
0 235.4748077392578 2379.818603515625 388.1842956542969 2485.322021484375 0.6018911004066467
0 654.5967407226562 2882.32177734375 773.2926025390625 2976.693359375 0.5932122468948364
0 317.71697998046875 2489.109375 443.9525146484375 2571.8818359375 0.5890677571296692
0 1666.3214111328125 3839.7607421875 1766.062744140625 3978.32275390625 0.5889800786972046
0 1863.6058349609375 3801.803466796875 1938.67041015625 3893.400146484375 0.5770108699798584
0 1787.812744140625 3890.393798828125 1894.1055908203125 3993.43896484375 0.5332736372947693
0 1748.2880859375 3798.156494140625 1835.233642578125 3906.091064453125 0.48882120847702026
0 1743.4239501953125 3801.44580078125 1823.2989501953125 3929.29150390625 0.2859167456626892
0 1775.1236572265625 3844.599609375 1871.0517578125 3987.576904296875 0.2543428838253021
