0 429.11480712890625 1854.2357177734375 535.866943359375 1923.467041015625 0.8266798257827759
0 1497.43701171875 3509.1513671875 1562.293701171875 3594.3994140625 0.794195830821991
0 457.2623291015625 2037.5826416015625 539.1934204101562 2113.031005859375 0.7788949012756348
0 386.6876525878906 2011.4202880859375 460.70263671875 2114.888671875 0.7783863544464111
0 365.3018798828125 2380.042236328125 485.99591064453125 2449.97119140625 0.7767089605331421
0 2894.291015625 2294.170166015625 3008.69140625 2386.426513671875 0.7654550671577454
0 1951.83447265625 2606.016845703125 2024.2750244140625 2681.9033203125 0.7627013921737671
0 1250.662841796875 1240.7056884765625 1318.2762451171875 1354.3056640625 0.7599723935127258
0 890.3623657226562 1603.180419921875 1005.9754028320312 1696.48486328125 0.7549985647201538
0 1456.0155029296875 2361.301025390625 1539.52734375 2431.052734375 0.7549788951873779
0 876.9005126953125 1995.3270263671875 974.5389404296875 2071.944091796875 0.7501538991928101
0 1851.7611083984375 3562.142333984375 1969.8828125 3648.043701171875 0.7501319050788879
0 1542.25 1909.2266845703125 1640.6376953125 1972.5435791015625 0.7343500256538391
0 2746.639404296875 2422.70068359375 2832.50048828125 2503.388427734375 0.7339714169502258
0 480.12884521484375 1933.3997802734375 551.7168579101562 2000.2034912109375 0.732767641544342
0 1752.833740234375 3570.90625 1848.9007568359375 3643.4482421875 0.7327276468276978
0 1933.543701171875 3254.916259765625 2016.9642333984375 3359.970703125 0.7293063402175903
0 1584.74365234375 2359.17236328125 1659.85791015625 2437.6201171875 0.7287920713424683
0 2098.919677734375 2851.25244140625 2179.219482421875 2947.178466796875 0.7280831933021545
0 2499.697998046875 3214.0888671875 2629.45703125 3283.635986328125 0.7263495922088623
0 2502.01513671875 3106.176513671875 2621.4287109375 3195.051025390625 0.7126445770263672
0 1415.9266357421875 2889.192138671875 1498.472900390625 2986.372314453125 0.7093939781188965
0 2883.535888671875 2498.126220703125 2998.075927734375 2600.276123046875 0.7032996416091919
0 1836.25146484375 3091.67529296875 1919.621826171875 3200.6337890625 0.7030258178710938
0 2133.687744140625 1149.9931640625 2238.45947265625 1255.9967041015625 0.7021560668945312
0 2013.546142578125 3101.469970703125 2090.2236328125 3191.04150390625 0.6994442939758301
0 2727.7451171875 1632.1903076171875 2797.64208984375 1757.2222900390625 0.6973865628242493
0 1786.9195556640625 1153.5323486328125 1910.4974365234375 1247.517578125 0.6853498220443726
0 2308.24462890625 2995.40673828125 2380.828369140625 3104.33056640625 0.6844054460525513
0 2704.277587890625 2918.80859375 2821.158203125 3002.382568359375 0.6735522150993347
0 2478.23828125 1334.1785888671875 2555.8173828125 1460.3741455078125 0.6721619963645935
0 2536.338134765625 3000.747802734375 2671.5048828125 3086.365478515625 0.6721036434173584
0 346.8680114746094 2135.17919921875 447.6964416503906 2221.352783203125 0.6714608073234558
0 2389.447509765625 2917.788818359375 2496.96240234375 3013.289306640625 0.6652558445930481
0 2504.202392578125 1590.0631103515625 2625.8955078125 1654.2103271484375 0.6621255874633789
0 2516.3349609375 2779.2333984375 2598.021240234375 2897.02783203125 0.654624879360199
0 1961.1553955078125 3446.794921875 2063.46240234375 3514.2216796875 0.6524099707603455
0 2397.173583984375 3013.987548828125 2484.229248046875 3121.8310546875 0.6345453858375549
0 2200.0244140625 3434.496826171875 2319.89599609375 3505.2412109375 0.6296420097351074
0 2610.096923828125 1493.1873779296875 2681.582763671875 1602.0252685546875 0.626247763633728
0 2615.689453125 2749.404296875 2686.04150390625 2866.640380859375 0.6258055567741394
0 2242.229248046875 1188.90087890625 2316.9755859375 1287.7174072265625 0.6256380677223206
0 997.8744506835938 2473.383056640625 1090.6553955078125 2585.857421875 0.6076774597167969
0 2105.302978515625 3494.934326171875 2229.484375 3569.7978515625 0.6011679172515869
0 2887.13427734375 2424.96875 3008.083984375 2492.85546875 0.5870571732521057
0 2018.9227294921875 3523.27587890625 2147.695556640625 3597.629150390625 0.5694342255592346
0 2661.94970703125 1557.0894775390625 2730.115234375 1662.071044921875 0.5592651963233948
0 2024.7833251953125 3375.244873046875 2159.231201171875 3453.177490234375 0.5552772879600525
0 999.8720092773438 2467.3974609375 1090.9219970703125 2546.89306640625 0.4830206334590912
0 1926.9874267578125 3519.625732421875 2029.9517822265625 3591.493896484375 0.4653047025203705
0 2073.365234375 3410.89208984375 2192.921142578125 3485.471923828125 0.4562303423881531
0 1930.500732421875 3540.80322265625 2031.50048828125 3622.37646484375 0.3915952146053314
0 2620.21826171875 1488.021728515625 2688.481689453125 1557.607177734375 0.34447911381721497
0 1923.8048095703125 3528.68994140625 2012.145263671875 3598.896728515625 0.3399900496006012
0 2599.9931640625 2763.583251953125 2684.107177734375 2872.971435546875 0.254585325717926
