0 885.1778564453125 1515.9051513671875 967.2719116210938 1639.9339599609375 0.7868455648422241
0 2045.4298095703125 1356.07763671875 2126.0908203125 1468.0223388671875 0.779996931552887
0 2073.18310546875 3606.9912109375 2179.9169921875 3677.56689453125 0.7660845518112183
0 1869.1654052734375 3237.7353515625 1949.1116943359375 3316.29736328125 0.7533131241798401
0 224.68736267089844 2469.2333984375 355.1453552246094 2556.1728515625 0.7513553500175476
0 393.2476501464844 2047.2164306640625 479.7513427734375 2131.64111328125 0.7470222115516663
0 1341.265869140625 3584.805908203125 1482.5372314453125 3661.9130859375 0.7469987869262695
0 1603.212646484375 3328.14697265625 1739.6346435546875 3440.722900390625 0.7466393709182739
0 419.91265869140625 1643.903076171875 502.22332763671875 1797.794189453125 0.7431844472885132
0 622.10595703125 2349.61962890625 726.4769897460938 2435.583740234375 0.7429222464561462
0 239.7724151611328 1874.5626220703125 324.61273193359375 2001.200439453125 0.7362385392189026
0 233.57705688476562 3006.36767578125 314.25469970703125 3107.7392578125 0.7341406345367432
0 2629.496826171875 3502.845947265625 2748.23193359375 3602.79931640625 0.7312487959861755
0 282.6037902832031 2924.7900390625 374.0689392089844 3012.509521484375 0.7297878861427307
0 114.95854187011719 2508.64453125 219.08163452148438 2643.00732421875 0.7297777533531189
0 2796.9287109375 3309.548828125 2913.602294921875 3397.892822265625 0.7284944653511047
0 1163.20751953125 3892.030517578125 1294.046630859375 3979.805908203125 0.726138710975647
0 1039.3658447265625 3880.63427734375 1168.3231201171875 3959.986572265625 0.7256485819816589
0 901.6021118164062 3664.850341796875 999.7841796875 3752.6064453125 0.724968433380127
0 364.6866760253906 1898.359619140625 474.3302001953125 2026.2562255859375 0.7197123765945435
0 1816.7633056640625 3119.97021484375 1939.82958984375 3201.003173828125 0.7183961272239685
0 172.02496337890625 2607.64892578125 308.58013916015625 2683.5712890625 0.7158419489860535
0 1276.3135986328125 3438.520751953125 1349.2860107421875 3519.625732421875 0.7142807841300964
0 1797.66064453125 3471.0439453125 1930.0577392578125 3569.69677734375 0.709421694278717
0 2234.275634765625 3769.597900390625 2313.153564453125 3918.242431640625 0.7076802253723145
0 1361.93212890625 3122.4287109375 1450.3602294921875 3250.989990234375 0.6979897022247314
0 900.6309814453125 2487.86474609375 971.1358032226562 2627.284912109375 0.6867049932479858
0 2916.678466796875 2442.55322265625 3025.9609375 2561.489501953125 0.6857267618179321
0 2054.175537109375 3822.88720703125 2198.588623046875 3924.95166015625 0.6841667294502258
0 2389.28955078125 3706.373291015625 2472.0009765625 3827.19287109375 0.6820793747901917
0 2611.974365234375 1946.2269287109375 2700.417236328125 2083.759521484375 0.676705539226532
0 103.2213134765625 2663.17041015625 230.41659545898438 2791.807861328125 0.6759386658668518
0 949.9585571289062 3499.404052734375 1069.9359130859375 3612.408935546875 0.6748570203781128
0 3006.11962890625 2275.253173828125 3120.61181640625 2407.007080078125 0.6718606352806091
0 791.123046875 3716.9365234375 882.7930297851562 3849.856689453125 0.6698426008224487
0 1437.3839111328125 2788.51806640625 1569.47998046875 2884.052490234375 0.6694058775901794
0 620.3583984375 3587.113037109375 704.7095947265625 3723.4990234375 0.6685571670532227
0 2855.753662109375 3122.057373046875 2968.16796875 3224.439208984375 0.6685113906860352
0 2793.18212890625 1865.3140869140625 2931.450439453125 1970.2620849609375 0.6660780906677246
0 1498.150390625 2868.11962890625 1592.75830078125 2979.695068359375 0.6625494956970215
0 394.4561767578125 2702.466064453125 474.94207763671875 2842.9951171875 0.6622003316879272
0 961.867919921875 3809.134765625 1074.7237548828125 3921.963134765625 0.6514292359352112
0 570.8193969726562 3380.822021484375 670.3867797851562 3497.361083984375 0.6509210467338562
0 699.2547607421875 3629.33447265625 794.1076049804688 3761.6162109375 0.6504403352737427
0 484.37579345703125 3321.20556640625 566.0180053710938 3414.101806640625 0.6407107710838318
0 2870.918701171875 2900.451904296875 2951.554443359375 3009.435791015625 0.6395100355148315
0 892.4656372070312 3790.134033203125 970.4229736328125 3903.05517578125 0.636515736579895
0 2939.803955078125 2353.017578125 3031.361083984375 2466.123046875 0.6231255531311035
0 2852.00732421875 3040.151611328125 2950.814453125 3134.806884765625 0.613589882850647
0 2930.5322265625 2966.946044921875 3017.220458984375 3104.740234375 0.5748958587646484
0 448.4526672363281 3390.7294921875 519.62451171875 3478.22607421875 0.5612724423408508
