0 1281.5538330078125 2705.58349609375 1368.583251953125 2794.860107421875 0.7727286219596863
0 1783.464111328125 3002.486328125 1930.9599609375 3081.86669921875 0.7543280720710754
0 1403.9725341796875 2504.013671875 1549.998291015625 2596.9423828125 0.7368367314338684
0 1816.4715576171875 2720.835205078125 1893.341552734375 2839.05078125 0.7313356995582581
0 1513.544189453125 3268.274658203125 1596.767822265625 3400.908447265625 0.7299559116363525
0 1732.924072265625 3169.02783203125 1851.96435546875 3248.99951171875 0.7220155596733093
0 1337.247314453125 3119.33447265625 1489.9501953125 3224.406005859375 0.7015953660011292
0 1715.676513671875 2787.202880859375 1819.6656494140625 2868.320556640625 0.6964001655578613
0 2111.71923828125 2880.210205078125 2200.9560546875 3022.51806640625 0.6867126226425171
0 1854.81591796875 3258.649658203125 1988.4664306640625 3363.948486328125 0.6757494807243347
