0 409.08428955078125 1901.292236328125 521.2460327148438 1987.8814697265625 0.7749839425086975
0 487.57489013671875 2067.882080078125 604.7899169921875 2142.9658203125 0.7730333805084229
0 1316.1129150390625 1176.7215576171875 1433.0367431640625 1248.4779052734375 0.7725222110748291
0 1591.3172607421875 2812.802978515625 1661.4822998046875 2906.45703125 0.7722777724266052
0 1662.1226806640625 2237.997314453125 1752.545654296875 2356.9375 0.7695813775062561
0 637.995361328125 1496.7293701171875 740.5697631835938 1574.0340576171875 0.7690709829330444
0 2304.30615234375 2703.92724609375 2391.629150390625 2828.66162109375 0.7680284976959229
0 2260.302001953125 2839.8388671875 2342.3720703125 2953.44873046875 0.7632834911346436
0 1697.2265625 1621.3072509765625 1831.963623046875 1694.8526611328125 0.763043224811554
0 1508.7281494140625 3396.861328125 1612.3427734375 3481.9892578125 0.7621874809265137
0 1241.8184814453125 2553.14013671875 1360.1259765625 2622.318603515625 0.75648432970047
0 1214.2841796875 3186.421142578125 1296.5203857421875 3301.06298828125 0.7520395517349243
0 1626.7613525390625 1355.02685546875 1744.4696044921875 1431.7847900390625 0.7516516447067261
0 1932.047607421875 1464.1187744140625 2063.17431640625 1538.0684814453125 0.7478876113891602
0 894.75732421875 1598.280029296875 1023.1817016601562 1690.100341796875 0.7474545240402222
0 2022.09033203125 1287.5372314453125 2116.46875 1416.7264404296875 0.7429047226905823
0 1138.9776611328125 1474.19482421875 1275.872802734375 1550.9349365234375 0.7403101921081543
0 229.95960998535156 2343.31689453125 306.86737060546875 2460.6826171875 0.7402797937393188
0 864.7610473632812 3729.283935546875 1012.5938110351562 3810.493896484375 0.7356444597244263
0 1443.8128662109375 1821.9754638671875 1549.6502685546875 1912.5240478515625 0.7325650453567505
0 986.094482421875 3078.946533203125 1088.6279296875 3184.768798828125 0.7321501970291138
0 2398.17333984375 3045.50830078125 2476.1455078125 3169.898193359375 0.7284060120582581
0 2139.135498046875 3687.453857421875 2268.515869140625 3782.23681640625 0.7277768850326538
0 1921.6214599609375 1191.466552734375 2021.04345703125 1317.1102294921875 0.7242574691772461
0 1355.9879150390625 3561.5517578125 1443.19482421875 3636.914794921875 0.7230331897735596
0 1391.4598388671875 3286.80419921875 1480.97509765625 3414.098388671875 0.7199892401695251
0 897.4425659179688 3400.819580078125 973.2725830078125 3544.482666015625 0.7188072800636292
0 2458.2978515625 2486.45263671875 2572.804931640625 2594.00927734375 0.7187760472297668
0 1856.60009765625 1730.151123046875 1962.05126953125 1832.0067138671875 0.7176799178123474
0 902.1768798828125 2715.010009765625 970.7911376953125 2833.968505859375 0.7168411016464233
0 2320.156982421875 3528.131103515625 2458.00146484375 3618.7724609375 0.7157711982727051
0 1179.7689208984375 3414.02197265625 1302.7562255859375 3501.849609375 0.7155758142471313
0 1767.9317626953125 3412.080322265625 1873.377197265625 3517.606201171875 0.7149378657341003
0 1876.3734130859375 3696.767333984375 1991.749755859375 3767.18994140625 0.7147848010063171
0 2097.6708984375 2035.9791259765625 2223.644287109375 2131.794189453125 0.7126395106315613
0 533.9860229492188 3291.8017578125 659.0969848632812 3366.546630859375 0.7118138074874878
0 1974.2379150390625 1987.7333984375 2056.386474609375 2091.018310546875 0.7090879678726196
0 1762.397705078125 3766.788818359375 1840.8778076171875 3913.294677734375 0.70659339427948
0 2519.07177734375 1845.589599609375 2590.68603515625 1972.012939453125 0.7032776474952698
0 1464.5555419921875 3028.317138671875 1541.40576171875 3106.68310546875 0.6983932852745056
0 2608.038818359375 1680.7000732421875 2678.056396484375 1825.787841796875 0.6956940293312073
0 1451.1126708984375 3856.089111328125 1594.4290771484375 3930.79736328125 0.6951388716697693
0 348.6141357421875 2463.37890625 475.2128601074219 2535.892822265625 0.6936498880386353
0 1561.44775390625 1854.7481689453125 1665.62744140625 1959.4818115234375 0.6934071779251099
0 1081.4468994140625 3772.076171875 1229.23828125 3854.908203125 0.6893602609634399
0 2244.147705078125 3626.048583984375 2325.072509765625 3739.4853515625 0.6885650753974915
0 1337.013916015625 3423.842529296875 1464.5933837890625 3508.6572265625 0.6793527603149414
0 1845.5306396484375 3802.737060546875 1969.74072265625 3912.359375 0.6781983375549316
0 399.4781188964844 2745.5849609375 470.43658447265625 2860.589111328125 0.6741582751274109
0 480.9303894042969 2954.283203125 570.4235229492188 3082.50927734375 0.6657357811927795
0 260.55206298828125 2885.38037109375 345.09271240234375 3019.540283203125 0.6613151431083679
0 2121.510498046875 1752.6153564453125 2188.107421875 1854.596435546875 0.6587772369384766
0 1995.6893310546875 1719.894287109375 2117.9794921875 1795.8175048828125 0.6534470319747925
0 1642.3345947265625 3791.566162109375 1727.1514892578125 3932.9912109375 0.6516643166542053
0 1629.3980712890625 1925.0411376953125 1727.5020751953125 2041.09765625 0.6456320285797119
0 1964.4041748046875 2132.677490234375 2075.42431640625 2218.824951171875 0.6378837823867798
0 2224.2705078125 1840.5362548828125 2287.86328125 1919.2979736328125 0.6175485253334045
0 1970.862548828125 1864.0306396484375 2059.23779296875 1945.3570556640625 0.4592352509498596
