0 684.295166015625 1235.947998046875 768.4674682617188 1314.58251953125 0.7938110828399658
0 1322.4720458984375 906.6787719726562 1425.3546142578125 992.9268798828125 0.7931837439537048
0 514.78466796875 2704.0322265625 590.2810668945312 2800.01806640625 0.7833680510520935
0 1529.039306640625 3175.306396484375 1621.2991943359375 3309.119140625 0.7651087641716003
0 478.4611511230469 1870.7684326171875 592.883056640625 1958.3309326171875 0.7611127495765686
0 1386.6900634765625 2426.151611328125 1508.3377685546875 2512.871337890625 0.7521543502807617
0 618.3702392578125 2245.004638671875 739.872314453125 2339.043212890625 0.744776725769043
0 2390.3623046875 880.6624145507812 2534.0693359375 986.5570068359375 0.7407995462417603
0 1183.4208984375 1593.2489013671875 1302.5709228515625 1705.0052490234375 0.740031898021698
0 2272.95263671875 978.6041870117188 2360.130615234375 1082.3583984375 0.7390390038490295
0 2169.752197265625 1349.933349609375 2261.596923828125 1482.0048828125 0.7372793555259705
0 401.8191833496094 1231.6014404296875 496.6144104003906 1384.104736328125 0.7354639768600464
0 1683.20068359375 3311.403076171875 1767.53271484375 3454.119384765625 0.7335391640663147
0 2094.862060546875 3585.881103515625 2244.49560546875 3665.775146484375 0.7306798696517944
0 1893.13916015625 3013.818115234375 1997.0633544921875 3128.75830078125 0.7295973300933838
0 1719.3087158203125 2471.896484375 1839.028564453125 2543.5 0.7294893860816956
0 1945.4642333984375 1283.0206298828125 2082.134521484375 1361.1712646484375 0.7243025302886963
0 2257.71435546875 1867.9097900390625 2341.155517578125 2002.0950927734375 0.7239262461662292
0 1716.4110107421875 1162.1982421875 1836.423583984375 1241.9530029296875 0.7210047245025635
0 482.49664306640625 2491.799072265625 569.3853759765625 2592.375244140625 0.7179804444313049
0 2043.1844482421875 1111.8338623046875 2177.701416015625 1205.184326171875 0.7162274122238159
0 2291.41259765625 1714.282958984375 2372.562744140625 1805.6072998046875 0.7051759362220764
0 2228.490478515625 3044.17578125 2314.797607421875 3191.839599609375 0.7044926285743713
0 1964.92041015625 1816.7816162109375 2078.71728515625 1950.5902099609375 0.7035261392593384
0 498.9722595214844 3117.681396484375 611.981201171875 3234.91259765625 0.7033665776252747
0 1289.128173828125 3329.6123046875 1395.9305419921875 3444.138427734375 0.7022375464439392
0 2809.6455078125 3052.2666015625 2953.231201171875 3129.104248046875 0.6981267929077148
0 1905.3482666015625 1179.5057373046875 2037.2369384765625 1260.9378662109375 0.6977606415748596
0 1288.86181640625 3624.17724609375 1407.7144775390625 3760.56591796875 0.6963026523590088
0 2952.63818359375 2827.5810546875 3080.17138671875 2915.969482421875 0.6915948987007141
0 2188.11376953125 1058.8245849609375 2283.422119140625 1162.9039306640625 0.6873503923416138
0 2383.786865234375 3402.486328125 2509.647216796875 3482.1611328125 0.6873443722724915
0 333.3113708496094 2773.184326171875 424.4541015625 2920.088134765625 0.6826309561729431
0 1793.2596435546875 1260.57763671875 1945.734375 1342.8065185546875 0.6821981072425842
0 2070.0732421875 1418.8726806640625 2154.21630859375 1510.2332763671875 0.6801812052726746
0 1096.5687255859375 1210.7515869140625 1215.4368896484375 1345.9095458984375 0.6737344264984131
0 244.16513061523438 2848.223876953125 363.429931640625 2942.7353515625 0.6702815294265747
0 2613.234375 3225.989990234375 2767.69091796875 3323.685546875 0.6625032424926758
0 1002.574951171875 2863.64990234375 1092.1910400390625 2994.119140625 0.6599951982498169
0 2996.3115234375 1512.8726806640625 3076.088623046875 1662.5311279296875 0.6555419564247131
0 2745.529541015625 1583.1922607421875 2836.743896484375 1714.5218505859375 0.6548905372619629
0 2859.72314453125 2391.535400390625 2959.998291015625 2481.485107421875 0.654808521270752
0 2706.089599609375 3161.01806640625 2863.112548828125 3240.656005859375 0.6539464592933655
0 2910.1494140625 2314.35791015625 3011.017333984375 2433.219970703125 0.6517659425735474
0 2662.0751953125 3022.437744140625 2794.354248046875 3103.990478515625 0.6516159772872925
0 2815.62841796875 1261.4222412109375 2897.22265625 1409.7578125 0.6449807286262512
0 2973.796875 2408.3193359375 3089.84912109375 2555.1640625 0.6346312761306763
0 2152.449951171875 2944.08349609375 2282.947998046875 3051.064208984375 0.6225348114967346
0 533.8499145507812 2014.74560546875 664.5888061523438 2102.318359375 0.6222643852233887
0 535.5753784179688 2123.02392578125 621.6204223632812 2243.94873046875 0.6155258417129517
0 3116.13818359375 2303.932861328125 3207.223388671875 2453.847900390625 0.5945855379104614
0 2931.301513671875 1432.3052978515625 3019.185302734375 1572.0479736328125 0.5835903286933899
0 3053.412109375 1629.3970947265625 3127.194580078125 1782.5460205078125 0.5819499492645264
0 2509.592041015625 3279.690673828125 2612.642822265625 3412.316650390625 0.5757158398628235
0 2891.664794921875 1341.689697265625 2969.207275390625 1471.8759765625 0.5730486512184143
0 3133.36328125 2161.326904296875 3223.059814453125 2281.1611328125 0.5474206209182739
0 490.1346740722656 1962.381591796875 604.6446533203125 2032.56787109375 0.517112672328949
0 3022.428466796875 2212.184326171875 3124.43212890625 2339.906982421875 0.5060278177261353
0 2508.871337890625 3277.20751953125 2653.42724609375 3384.232666015625 0.41179266571998596
0 2872.931640625 1354.8804931640625 2967.563232421875 1479.2662353515625 0.32427075505256653
0 512.2362060546875 1978.7803955078125 629.7225952148438 2043.859375 0.3105400800704956
0 1883.0987548828125 636.824951171875 1932.11865234375 708.3565063476562 0.2614539563655853
