0 1285.09130859375 2561.248046875 1383.6572265625 2667.89501953125 0.7409607768058777
0 1494.0704345703125 2224.53369140625 1579.7900390625 2349.411376953125 0.7298380136489868
0 1299.6103515625 2702.04443359375 1462.9327392578125 2799.607421875 0.7153418660163879
0 1117.5770263671875 2477.203125 1226.3876953125 2586.65966796875 0.7153331637382507
0 1384.3768310546875 2547.981689453125 1515.4432373046875 2636.696044921875 0.6945152282714844
0 946.515380859375 2678.533935546875 1052.2406005859375 2795.265625 0.6922743320465088
0 1061.7698974609375 2097.366455078125 1181.4224853515625 2195.308837890625 0.681111752986908
0 1002.1759643554688 2551.047607421875 1121.7337646484375 2656.15673828125 0.675690233707428
0 1092.7928466796875 2691.464599609375 1178.4302978515625 2825.05712890625 0.670172929763794
0 1476.84130859375 2471.00439453125 1624.583740234375 2579.158935546875 0.6683362722396851
0 1675.2188720703125 2724.1103515625 1764.73486328125 2862.534912109375 0.6426345109939575
0 1591.65625 2763.106201171875 1675.0823974609375 2883.078125 0.6146716475486755
0 1495.7369384765625 2797.17431640625 1596.294921875 2911.3427734375 0.6094452142715454
0 1579.121826171875 2772.723388671875 1673.1202392578125 2900.337890625 0.31325066089630127
