0 1109.150146484375 1472.654296875 1195.80078125 1560.9693603515625 0.809377133846283
0 366.784912109375 3189.7783203125 493.23193359375 3266.365966796875 0.7984323501586914
0 2551.580810546875 3380.7255859375 2682.386474609375 3461.55126953125 0.7672117948532104
0 713.2372436523438 1528.30126953125 823.6412963867188 1643.899169921875 0.7622348070144653
0 2900.6513671875 2340.60546875 2985.887939453125 2438.155029296875 0.7615471482276917
0 1705.9942626953125 1488.4605712890625 1781.9520263671875 1605.3253173828125 0.7595564723014832
0 2459.11767578125 3124.27099609375 2561.642822265625 3229.12744140625 0.7583235502243042
0 224.41578674316406 2324.75244140625 317.8811950683594 2462.8310546875 0.7578464150428772
0 1045.9307861328125 2611.84814453125 1169.228515625 2693.6845703125 0.7506836652755737
0 2252.510498046875 1341.5576171875 2350.06005859375 1445.0919189453125 0.746574342250824
0 2711.9423828125 2240.66943359375 2820.38525390625 2374.826416015625 0.7371856570243835
0 1868.130615234375 1665.855712890625 1988.1849365234375 1752.6192626953125 0.7348518967628479
0 2140.4921875 1140.51904296875 2237.00732421875 1254.8818359375 0.7337971925735474
0 488.3125915527344 2435.141357421875 621.7317504882812 2520.242919921875 0.7332324981689453
0 1880.4268798828125 1415.258056640625 1976.5751953125 1549.150634765625 0.7330204844474792
0 226.15365600585938 2862.108642578125 363.30523681640625 2963.825927734375 0.7296550869941711
0 513.7827758789062 1613.40673828125 651.3558959960938 1735.77734375 0.7295451164245605
0 1360.077392578125 3444.515869140625 1459.7176513671875 3534.395263671875 0.7285357117652893
0 700.285400390625 3554.303466796875 783.851318359375 3696.91552734375 0.7254734039306641
0 1854.3009033203125 2537.342041015625 1933.0247802734375 2621.3525390625 0.7251024842262268
0 1715.2093505859375 2496.816650390625 1841.44189453125 2604.444091796875 0.7234558463096619
0 2902.840576171875 2667.275634765625 2996.518798828125 2804.94189453125 0.7143431305885315
0 642.2665405273438 2520.540771484375 735.8903198242188 2658.7041015625 0.7140131592750549
0 637.9705810546875 2814.152099609375 727.0145874023438 2950.04541015625 0.7127209305763245
0 2142.826904296875 3861.8818359375 2256.80029296875 3990.4853515625 0.7120545506477356
0 3089.619873046875 2576.2392578125 3200.661865234375 2714.886474609375 0.7091941833496094
0 2065.93408203125 3815.283447265625 2164.960693359375 3944.2763671875 0.7080733776092529
0 907.8951416015625 3592.6044921875 1006.2137451171875 3707.61669921875 0.7031590342521667
0 792.2801513671875 3329.730224609375 887.2384643554688 3399.07958984375 0.7028757929801941
0 2164.5419921875 1375.4017333984375 2264.265869140625 1448.9930419921875 0.7010623812675476
0 1716.4290771484375 1431.75390625 1847.5643310546875 1510.305419921875 0.6994538903236389
0 765.085693359375 3696.08984375 908.0454711914062 3771.05078125 0.695836067199707
0 941.4324951171875 3797.640625 1085.61962890625 3885.653076171875 0.6925735473632812
0 285.2624816894531 1959.0308837890625 367.53875732421875 2084.97412109375 0.6890731453895569
0 1981.48681640625 3885.87109375 2081.97705078125 4025.21044921875 0.68672114610672
0 1098.410888671875 2421.582275390625 1214.12890625 2543.520751953125 0.685312032699585
0 1904.3406982421875 2437.31494140625 1994.8951416015625 2537.35302734375 0.6828795075416565
0 1140.89013671875 2996.153076171875 1229.26025390625 3123.292724609375 0.6777663230895996
0 1295.359619140625 3868.624267578125 1407.116943359375 3952.995849609375 0.6732703447341919
0 1006.828125 3037.4892578125 1127.9893798828125 3145.89599609375 0.6730008125305176
0 2099.382568359375 3415.42236328125 2226.328857421875 3518.15625 0.6711397171020508
0 2802.0302734375 2608.333740234375 2897.398681640625 2732.09619140625 0.6662071943283081
0 2210.370849609375 3632.780029296875 2316.996826171875 3700.19140625 0.6593571305274963
0 2329.559814453125 2510.81494140625 2469.694091796875 2607.2099609375 0.6447834372520447
0 390.9853210449219 2098.983154296875 475.8259582519531 2179.68798828125 0.6418534517288208
0 306.8921203613281 2511.748779296875 421.27801513671875 2610.7841796875 0.635482907295227
0 373.5505065917969 2003.7401123046875 478.729736328125 2099.058349609375 0.6298218369483948
0 2186.32763671875 3545.54345703125 2323.00927734375 3625.130126953125 0.6294969320297241
0 1367.05126953125 3852.611328125 1439.1806640625 3945.789794921875 0.6069611310958862
0 214.9882049560547 2475.93701171875 301.6226806640625 2616.87109375 0.5982334017753601
0 1710.5406494140625 1436.165283203125 1812.6163330078125 1515.6077880859375 0.28524118661880493
0 386.4184265136719 2078.037841796875 484.9111022949219 2178.670654296875 0.26239338517189026
