0 1611.5860595703125 2335.395263671875 1750.846435546875 2429.007568359375 0.735001802444458
0 1278.01513671875 2686.6328125 1392.4326171875 2796.555419921875 0.7059372663497925
0 1135.5675048828125 2394.0908203125 1267.5860595703125 2488.459228515625 0.6830979585647583
0 1364.544677734375 2301.42919921875 1491.3116455078125 2400.56591796875 0.6820876002311707
0 1455.9361572265625 2161.318603515625 1540.61083984375 2283.8642578125 0.6803345680236816
0 1509.026611328125 2621.571044921875 1591.0635986328125 2758.50537109375 0.6732072234153748
0 1502.127197265625 2382.44091796875 1602.7734375 2503.908447265625 0.6639756560325623
0 1035.2352294921875 2562.52294921875 1193.1883544921875 2654.86181640625 0.6508572101593018
0 1792.5743408203125 2585.9775390625 1878.0057373046875 2705.089111328125 0.6425677537918091
0 1578.211669921875 2746.404541015625 1673.5928955078125 2873.787109375 0.6399609446525574
0 1179.3125 2500.113525390625 1267.0936279296875 2618.948486328125 0.6108568906784058
0 1771.6636962890625 2701.89111328125 1866.680908203125 2822.23876953125 0.5507565140724182
0 1679.77294921875 2703.6552734375 1780.182861328125 2847.6875 0.5495598316192627
