0 688.2853393554688 1854.5865478515625 776.229248046875 1943.196533203125 0.7920740842819214
0 654.23486328125 2549.24072265625 738.760498046875 2643.708740234375 0.7904416918754578
0 842.4072875976562 1516.2066650390625 923.1812744140625 1602.9080810546875 0.7871668338775635
0 2946.67822265625 2900.22119140625 3042.03125 3003.5888671875 0.7733485698699951
0 1237.0660400390625 3717.01708984375 1374.0933837890625 3801.329345703125 0.7536715269088745
0 930.844970703125 1492.8529052734375 1033.3577880859375 1570.4373779296875 0.7530089020729065
0 1730.4605712890625 3783.84716796875 1840.7137451171875 3874.414306640625 0.7514575719833374
0 2278.464111328125 1745.5399169921875 2397.961669921875 1808.005859375 0.748313307762146
0 665.4896850585938 2691.786376953125 735.348876953125 2785.718994140625 0.7448096871376038
0 1541.963134765625 1240.7635498046875 1661.8963623046875 1325.96142578125 0.7429941892623901
0 2113.259521484375 1350.8963623046875 2239.30615234375 1444.5511474609375 0.7363556623458862
0 2115.7568359375 1259.065185546875 2231.462646484375 1338.242919921875 0.7351981401443481
0 1714.611083984375 3516.64892578125 1843.036865234375 3627.171630859375 0.7339796423912048
0 497.7440185546875 2672.73779296875 574.6754760742188 2763.738525390625 0.732438325881958
0 1757.0264892578125 1120.81640625 1884.0640869140625 1213.2689208984375 0.7310947775840759
0 2684.287841796875 1453.7255859375 2760.333740234375 1597.2490234375 0.7309819459915161
0 2380.6318359375 1462.0555419921875 2497.657470703125 1568.41357421875 0.7294805645942688
0 2995.918212890625 2061.8828125 3084.775146484375 2199.762451171875 0.728209912776947
0 2492.586669921875 1626.75390625 2588.86474609375 1747.436767578125 0.7280268669128418
0 2472.928466796875 2325.194580078125 2550.49169921875 2435.298583984375 0.7250334620475769
0 1916.8201904296875 2056.3544921875 2011.4228515625 2159.226806640625 0.7209237813949585
0 889.5111083984375 3464.562744140625 1002.4373779296875 3553.792236328125 0.7205972075462341
0 2384.6376953125 2877.777587890625 2515.415283203125 2989.063720703125 0.7204380631446838
0 1085.0888671875 3082.659423828125 1172.2802734375 3182.087158203125 0.7200391888618469
0 1008.8546752929688 2129.322509765625 1092.787109375 2231.796142578125 0.7182438373565674
0 795.0216674804688 2785.19287109375 893.5917358398438 2881.7001953125 0.7168983817100525
0 2961.30322265625 2562.97265625 3044.548583984375 2694.3486328125 0.7145227789878845
0 2023.88232421875 3609.251953125 2140.8115234375 3693.83740234375 0.7139737606048584
0 2401.782958984375 1822.000244140625 2521.1875 1913.84619140625 0.7099430561065674
0 2533.1845703125 1804.9854736328125 2646.6416015625 1895.934326171875 0.7097048759460449
0 2718.491943359375 3001.156982421875 2797.979736328125 3107.984130859375 0.7089901566505432
0 1253.0654296875 3267.032470703125 1365.623046875 3352.821533203125 0.7085373997688293
0 2747.105224609375 3239.314697265625 2886.3642578125 3331.29931640625 0.7079198360443115
0 2667.187744140625 3117.503662109375 2803.9541015625 3213.0732421875 0.7035560011863708
0 2370.326416015625 1634.650390625 2441.6689453125 1717.981689453125 0.6929066777229309
0 658.8410034179688 2882.958740234375 726.199462890625 2966.1640625 0.6822160482406616
0 1238.552734375 3155.5546875 1307.64453125 3268.122314453125 0.6703386306762695
0 2716.56787109375 1575.6153564453125 2801.03662109375 1718.91796875 0.6700286269187927
0 2706.330078125 1892.0233154296875 2793.023681640625 2019.71630859375 0.6692662239074707
0 2818.300537109375 2362.1279296875 2907.400634765625 2453.318359375 0.6681114435195923
0 2388.801513671875 3400.09033203125 2484.774658203125 3494.84375 0.666305661201477
0 806.6322631835938 3336.442138671875 892.835205078125 3460.302978515625 0.6486109495162964
0 540.1723022460938 3009.31689453125 626.9945068359375 3113.276611328125 0.6454452276229858
0 2409.85302734375 3474.84716796875 2555.716064453125 3546.553955078125 0.6401036381721497
0 802.880859375 3264.946533203125 887.0071411132812 3331.381103515625 0.6371263861656189
0 2172.68115234375 3661.53271484375 2286.2724609375 3749.672119140625 0.6339831948280334
0 2175.6025390625 3538.695068359375 2320.160888671875 3642.459716796875 0.6303732991218567
0 2093.197509765625 3717.61328125 2231.621826171875 3798.847900390625 0.6301234364509583
0 2639.364501953125 2974.530029296875 2715.00341796875 3108.354248046875 0.6134171485900879
0 449.686767578125 2963.31884765625 525.177978515625 3052.996337890625 0.6044199466705322
0 2262.12109375 3649.174072265625 2388.686279296875 3729.467529296875 0.6002742648124695
0 3062.88916015625 2340.58349609375 3132.95751953125 2482.17724609375 0.5995309948921204
0 393.1184387207031 2877.173583984375 479.7318420410156 3006.9833984375 0.5772957801818848
0 460.5533142089844 3051.321533203125 541.5330200195312 3162.469970703125 0.551736056804657
0 2985.1005859375 2295.982177734375 3055.130126953125 2443.719482421875 0.5475974678993225
0 2901.742919921875 2406.827880859375 2978.399658203125 2522.2724609375 0.5274211168289185
0 1981.1959228515625 3686.2060546875 2091.00537109375 3759.3681640625 0.46141135692596436
