0 2166.255126953125 1476.285888671875 2254.03271484375 1565.0616455078125 0.7725684642791748
0 1753.31494140625 2451.82080078125 1843.51025390625 2531.100341796875 0.7681241035461426
0 2904.781982421875 3015.681396484375 2991.767822265625 3140.0341796875 0.7646659016609192
0 178.88331604003906 2645.288330078125 268.46051025390625 2775.152099609375 0.760645866394043
0 218.76840209960938 1784.71044921875 334.3147888183594 1878.9791259765625 0.7520862817764282
0 1570.4544677734375 3514.650634765625 1670.57861328125 3604.201171875 0.7493599653244019
0 254.9390869140625 3025.323486328125 370.24658203125 3111.101318359375 0.742512583732605
0 1216.6322021484375 3305.765625 1302.6273193359375 3407.563232421875 0.7417371273040771
0 126.84933471679688 2150.769775390625 239.75323486328125 2242.9833984375 0.7375058531761169
0 2011.7861328125 1742.470703125 2140.066650390625 1837.4039306640625 0.7299298048019409
0 1609.6986083984375 3895.553466796875 1745.5479736328125 3987.50439453125 0.7278025150299072
0 699.863037109375 2156.8564453125 782.037841796875 2313.96630859375 0.7270942330360413
0 2287.3310546875 1854.1146240234375 2377.473388671875 1934.89208984375 0.7245946526527405
0 780.250732421875 3138.529541015625 912.5318603515625 3241.4892578125 0.7229515314102173
0 1219.7093505859375 2823.556396484375 1343.830078125 2905.5419921875 0.7224579453468323
0 2859.1396484375 3212.86572265625 2940.959228515625 3367.703857421875 0.7200623154640198
0 98.10786437988281 2313.808837890625 206.48736572265625 2451.63623046875 0.718023419380188
0 1824.6033935546875 3745.85498046875 1951.458984375 3835.08642578125 0.7154939770698547
0 2781.265625 3343.445068359375 2856.615234375 3475.893798828125 0.7150375843048096
0 334.8212890625 2381.865234375 446.871337890625 2480.590576171875 0.712982714176178
0 2242.662841796875 3311.063720703125 2344.029541015625 3403.84423828125 0.711304783821106
0 527.5039672851562 3333.335693359375 629.78759765625 3450.14501953125 0.7059910297393799
0 1042.1138916015625 3808.901123046875 1193.5478515625 3895.804443359375 0.7050485014915466
0 2100.887451171875 2737.3603515625 2236.69677734375 2824.07568359375 0.7047863602638245
0 1044.29296875 1692.1376953125 1181.2760009765625 1807.959228515625 0.703790009021759
0 853.1975708007812 1820.181640625 993.1138305664062 1907.785400390625 0.702284574508667
0 2566.11083984375 1784.9405517578125 2692.1845703125 1899.96826171875 0.7022087574005127
0 321.94781494140625 2831.12109375 441.639404296875 2968.34423828125 0.6999111175537109
0 154.821044921875 2464.352294921875 246.08367919921875 2592.360595703125 0.6996769309043884
0 2248.845703125 1118.0428466796875 2393.417236328125 1236.514892578125 0.6969277262687683
0 2171.30908203125 1040.46337890625 2308.525390625 1161.4571533203125 0.6952299475669861
0 2287.792236328125 2743.857177734375 2434.624755859375 2823.10986328125 0.6930548548698425
0 1403.3726806640625 3448.290283203125 1492.9951171875 3598.67822265625 0.6911020278930664
0 2601.000244140625 3391.733154296875 2680.27197265625 3514.297119140625 0.6783258318901062
0 2854.27392578125 2816.032958984375 2977.963623046875 2927.839111328125 0.669818103313446
0 1781.1036376953125 3849.869873046875 1889.9111328125 3936.378662109375 0.661882221698761
0 3070.20166015625 2726.487548828125 3154.212158203125 2871.859130859375 0.6560928821563721
0 609.6427001953125 3534.1201171875 732.4764404296875 3599.86767578125 0.6549188494682312
0 113.7722396850586 2256.7626953125 259.3298034667969 2345.00927734375 0.6472171545028687
0 985.8805541992188 3412.7685546875 1137.255615234375 3495.716552734375 0.6471187472343445
0 718.1156005859375 3457.218994140625 796.8145141601562 3552.56640625 0.6383366584777832
0 705.1622924804688 3594.39990234375 841.204345703125 3697.58740234375 0.6368357539176941
0 2563.003173828125 3519.01953125 2632.8955078125 3608.725341796875 0.6293242573738098
0 528.399658203125 3442.445556640625 668.8389282226562 3526.13916015625 0.6244585514068604
0 2990.547119140625 2777.3955078125 3069.32080078125 2900.130126953125 0.616931140422821
0 879.397705078125 3496.33935546875 1016.6084594726562 3622.06640625 0.6092284321784973
0 851.4639892578125 3599.736083984375 975.041259765625 3711.523193359375 0.6079307794570923
0 2692.5888671875 3390.81005859375 2776.67626953125 3538.23876953125 0.6026463508605957
0 1859.9700927734375 3855.500732421875 2002.68603515625 3959.6943359375 0.6021556258201599
0 839.2673950195312 3487.95849609375 955.6110229492188 3584.49951171875 0.5766444802284241
0 966.4818725585938 3648.596435546875 1083.8387451171875 3735.704345703125 0.544082522392273
0 2604.6025390625 3501.100341796875 2671.24267578125 3566.15478515625 0.40423497557640076
0 1093.335693359375 2912.88232421875 1150.447509765625 2973.896728515625 0.3494826853275299
0 851.1002197265625 3492.96923828125 1010.1592407226562 3605.121826171875 0.2730594575405121
