0 426.8818664550781 1887.397216796875 538.030029296875 1952.154052734375 0.8272603750228882
0 514.0581665039062 2249.8076171875 589.4563598632812 2339.2421875 0.8196308016777039
0 607.5545043945312 2632.415771484375 680.2313842773438 2709.011962890625 0.802264928817749
0 2866.510009765625 2455.935302734375 2991.93505859375 2522.15625 0.7948174476623535
0 840.7891235351562 2103.085693359375 921.1058349609375 2201.344970703125 0.793359100818634
0 2132.146484375 3152.94775390625 2210.943359375 3220.307373046875 0.7883044481277466
0 1129.9990234375 3283.954833984375 1245.7623291015625 3355.922607421875 0.7854883670806885
0 1910.217041015625 3415.529052734375 2025.61376953125 3489.56005859375 0.7817867398262024
0 2421.243896484375 3195.853271484375 2539.598388671875 3264.876708984375 0.7665875554084778
0 1068.97265625 3350.60791015625 1142.4329833984375 3431.832763671875 0.7664665579795837
0 2549.9326171875 2908.90576171875 2626.33984375 3023.481201171875 0.7569586038589478
0 753.6265869140625 2984.562255859375 854.4276733398438 3074.727783203125 0.754728376865387
0 948.7321166992188 1852.1552734375 1053.3427734375 1932.910888671875 0.7499753832817078
0 1847.91259765625 1742.515869140625 1954.8553466796875 1854.7425537109375 0.7436363697052002
0 2554.300537109375 3169.848876953125 2679.93505859375 3253.87744140625 0.7413458228111267
0 2107.389892578125 2573.301025390625 2225.10595703125 2652.974365234375 0.7373533248901367
0 713.4429931640625 2297.40869140625 780.0410766601562 2359.70068359375 0.7331794500350952
0 2658.240966796875 2750.50732421875 2770.43994140625 2849.03125 0.7316875457763672
0 2057.95263671875 1707.844482421875 2175.3017578125 1781.1380615234375 0.7284285426139832
0 2454.208740234375 2842.791748046875 2529.606201171875 2961.9052734375 0.7223140001296997
0 2171.69921875 3290.218017578125 2256.504638671875 3370.59765625 0.7209155559539795
0 2009.974853515625 3106.64208984375 2089.73486328125 3180.7490234375 0.7134839296340942
0 1711.779296875 3174.784912109375 1819.6300048828125 3300.09423828125 0.7116838693618774
0 2421.94921875 2171.150390625 2509.035888671875 2263.228515625 0.7111265659332275
0 2267.2509765625 1236.88037109375 2363.531005859375 1358.882080078125 0.709703803062439
0 2202.331787109375 3456.612548828125 2310.271728515625 3524.88037109375 0.7086946964263916
0 1408.58349609375 3303.619384765625 1540.3680419921875 3387.056640625 0.7003422379493713
0 2503.4384765625 1400.466552734375 2628.77880859375 1476.7381591796875 0.6911015510559082
0 2781.610595703125 2815.260498046875 2903.015625 2891.57666015625 0.6893063187599182
0 360.5049133300781 2135.311279296875 450.72711181640625 2235.822509765625 0.6808258891105652
0 394.31439208984375 2015.8123779296875 471.96893310546875 2119.04248046875 0.680697500705719
0 2846.368896484375 2704.771484375 2953.847900390625 2796.83935546875 0.6740697622299194
0 483.1533203125 2029.56298828125 557.4656982421875 2108.9970703125 0.6714344620704651
0 2676.8271484375 1824.8123779296875 2743.536376953125 1919.318115234375 0.6671519875526428
0 2753.873046875 2619.2294921875 2836.387939453125 2712.3681640625 0.6649543642997742
0 2301.33251953125 3352.6787109375 2423.865478515625 3430.07666015625 0.6611283421516418
0 2288.931640625 3200.651123046875 2360.154296875 3326.18408203125 0.6582162380218506
0 2867.10888671875 2540.41650390625 2958.252685546875 2621.939208984375 0.6546690464019775
0 2577.890869140625 2305.59521484375 2648.626708984375 2419.561767578125 0.6440536379814148
0 2746.349853515625 2912.571533203125 2865.9091796875 3003.377197265625 0.635650634765625
0 459.9710998535156 1960.0684814453125 544.4213256835938 2027.2955322265625 0.6261823177337646
0 2241.09912109375 3399.364990234375 2366.526123046875 3473.726806640625 0.6206729412078857
0 2617.704345703125 1528.795166015625 2713.03271484375 1632.9442138671875 0.6171811819076538
0 774.402587890625 2372.796875 833.6555786132812 2467.5361328125 0.5992517471313477
0 2556.03271484375 1486.177978515625 2650.85546875 1582.7601318359375 0.5772362351417542
0 2558.250732421875 1677.1029052734375 2621.440185546875 1800.3858642578125 0.5518167614936829
0 2823.20166015625 2633.015380859375 2936.560302734375 2707.351318359375 0.5449236631393433
0 2561.848388671875 1477.810791015625 2644.623046875 1568.0185546875 0.5161125063896179
0 2493.553466796875 1653.379150390625 2591.467041015625 1718.471923828125 0.5135810971260071
0 2818.48486328125 2646.288330078125 2925.718994140625 2723.402099609375 0.5109713077545166
0 2724.4892578125 1635.9227294921875 2782.95458984375 1750.5010986328125 0.4329964816570282
0 2624.496826171875 1644.515869140625 2691.36474609375 1756.528076171875 0.39713627099990845
0 1942.22216796875 1596.6796875 1991.1778564453125 1659.1494140625 0.3797950744628906
0 2670.520263671875 1596.255859375 2760.045166015625 1700.3551025390625 0.3631179928779602
0 2552.95703125 1657.376953125 2613.9482421875 1748.6207275390625 0.2896932065486908
