0 285.13427734375 2424.198974609375 361.8285827636719 2538.535400390625 0.7958850860595703
0 428.3983154296875 2234.692626953125 512.3787231445312 2325.8037109375 0.7814630270004272
0 1200.55224609375 3198.322021484375 1288.6722412109375 3332.349853515625 0.7566107511520386
0 2624.667236328125 1411.0760498046875 2730.05615234375 1523.63525390625 0.7481175661087036
0 468.5909118652344 1626.8096923828125 548.6289672851562 1720.0792236328125 0.7462283372879028
0 1004.0441284179688 921.0201416015625 1147.2161865234375 1013.2232055664062 0.7459368109703064
0 1575.759765625 3572.565673828125 1699.0660400390625 3655.529052734375 0.7446923851966858
0 626.1532592773438 2810.734130859375 728.7949829101562 2941.279541015625 0.7443714737892151
0 1243.0224609375 1847.6749267578125 1375.168701171875 1942.9517822265625 0.7420445680618286
0 2035.4521484375 3480.4814453125 2117.6796875 3607.05224609375 0.7403354644775391
0 2862.671630859375 2386.107421875 2959.757568359375 2517.686767578125 0.7396615147590637
0 469.6288757324219 3056.275146484375 572.1519775390625 3150.766845703125 0.7375127077102661
0 1288.805419921875 2977.74609375 1428.3419189453125 3054.552490234375 0.7353872656822205
0 1717.242431640625 1851.0667724609375 1857.38134765625 1931.277587890625 0.7349711060523987
0 928.8642578125 1118.0426025390625 1075.377197265625 1203.2938232421875 0.7210220098495483
0 2248.8115234375 1345.689697265625 2342.746337890625 1476.3896484375 0.7182949185371399
0 454.5632629394531 1855.8511962890625 586.146484375 1941.8226318359375 0.7172243595123291
0 3074.67919921875 2255.079833984375 3216.99755859375 2340.3330078125 0.7139312028884888
0 1737.374755859375 689.1567993164062 1878.2939453125 805.4258422851562 0.7130281329154968
0 2215.330810546875 922.4610595703125 2364.93408203125 1007.3255004882812 0.7129306197166443
0 719.3643188476562 1879.93359375 790.9796142578125 1980.072509765625 0.7112709283828735
0 2383.09033203125 2996.10595703125 2505.783447265625 3128.591552734375 0.709271252155304
0 1480.439208984375 2920.6484375 1633.6536865234375 3009.939208984375 0.7084407210350037
0 2246.87548828125 2009.2335205078125 2344.734375 2141.93408203125 0.7059866189956665
0 2961.981201171875 1694.925048828125 3068.058837890625 1807.4420166015625 0.7029649019241333
0 592.8282470703125 1255.4412841796875 671.6912841796875 1386.721435546875 0.6989418268203735
0 2504.593994140625 2579.42236328125 2652.42822265625 2661.22998046875 0.6982666850090027
0 3022.379150390625 2177.1455078125 3140.094482421875 2244.564697265625 0.6944785714149475
0 1964.1318359375 2488.365234375 2112.800537109375 2572.815185546875 0.6826072931289673
0 2714.09033203125 1208.8746337890625 2836.48291015625 1319.2386474609375 0.6813563108444214
0 2445.2578125 3125.75439453125 2553.404541015625 3240.262939453125 0.6785163879394531
0 1845.69189453125 3636.87353515625 1999.1348876953125 3718.990234375 0.6754972338676453
0 2499.85400390625 1851.0523681640625 2573.13330078125 2001.560302734375 0.6699981093406677
0 2655.90185546875 2314.837890625 2739.820556640625 2453.667236328125 0.6689406633377075
0 674.0458374023438 1502.2266845703125 776.9795532226562 1645.3519287109375 0.6586776971817017
0 3091.868896484375 2337.364013671875 3208.899169921875 2467.199462890625 0.6529049873352051
0 629.3002319335938 1827.70068359375 702.1383056640625 1904.013671875 0.6526051163673401
0 3055.780029296875 2487.540283203125 3196.804931640625 2585.02880859375 0.6519694328308105
0 855.0285034179688 1046.20703125 985.2255859375 1157.9267578125 0.6453266739845276
0 2996.823486328125 1983.5758056640625 3102.583740234375 2111.152099609375 0.645146369934082
0 2463.1201171875 2685.4794921875 2613.97119140625 2778.911376953125 0.641861081123352
0 2388.84619140625 1916.640625 2468.595703125 1994.712646484375 0.6352575421333313
0 3056.203857421875 2591.670654296875 3179.09814453125 2670.015380859375 0.611965537071228
0 3026.321044921875 2686.2333984375 3161.8095703125 2801.317626953125 0.6097515225410461
0 3116.29833984375 1957.8170166015625 3192.72265625 2111.203857421875 0.5852906703948975
0 2903.0029296875 2019.303955078125 2982.988037109375 2165.10009765625 0.5718240737915039
0 777.861572265625 3305.468505859375 856.2930297851562 3434.474365234375 0.5675863027572632
0 2615.811279296875 1185.967041015625 2708.19677734375 1288.9818115234375 0.5618543028831482
0 680.9589233398438 3289.304443359375 784.883544921875 3379.72265625 0.5471014380455017
0 593.7838134765625 1620.19921875 710.5110473632812 1721.333740234375 0.5227622985839844
0 752.6173095703125 3333.510009765625 826.1365966796875 3458.7548828125 0.49427029490470886
0 637.71728515625 1636.426513671875 762.7745361328125 1708.966552734375 0.47256067395210266
0 597.5272827148438 1625.8648681640625 757.0049438476562 1712.5614013671875 0.41029396653175354
0 786.979248046875 3298.5087890625 856.9213256835938 3412.884033203125 0.28121742606163025
0 755.51171875 3297.887939453125 850.60546875 3458.568115234375 0.2664104700088501
0 759.35791015625 3303.51171875 850.4070434570312 3415.595947265625 0.2503052353858948
