0 2506.579833984375 2894.135009765625 2593.29736328125 2994.01806640625 0.7851624488830566
0 1708.6737060546875 3066.82421875 1794.673095703125 3180.24462890625 0.764482855796814
0 956.94677734375 800.4155883789062 1056.1173095703125 926.5079345703125 0.7566629648208618
0 437.1407165527344 1921.65283203125 551.2451171875 2038.1072998046875 0.7498366236686707
0 363.980712890625 2114.089599609375 451.5555419921875 2270.425537109375 0.7336254715919495
0 969.46728515625 3299.93701171875 1049.9910888671875 3429.6298828125 0.7289379239082336
0 1749.5244140625 3220.128662109375 1868.195068359375 3301.88525390625 0.7274218201637268
0 1444.7435302734375 2138.288818359375 1585.5689697265625 2246.909423828125 0.7271544337272644
0 2713.852783203125 1628.7235107421875 2824.173095703125 1737.0830078125 0.7268441319465637
0 757.7793579101562 1866.468017578125 908.3624267578125 1949.6881103515625 0.7242723703384399
0 933.9937744140625 1689.8612060546875 1050.606689453125 1811.30322265625 0.7222170829772949
0 396.0758056640625 3069.40869140625 496.5182800292969 3167.55712890625 0.7188203930854797
0 151.14297485351562 1490.1982421875 239.41824340820312 1628.2606201171875 0.7166436910629272
0 215.7969207763672 1855.541259765625 298.5207824707031 1980.0811767578125 0.7149991989135742
0 2750.776611328125 2674.07421875 2838.189208984375 2764.4345703125 0.7129849791526794
0 3011.494384765625 1624.7222900390625 3148.639404296875 1762.0740966796875 0.7116026878356934
0 2686.612060546875 2426.71875 2817.352783203125 2567.625244140625 0.7107940316200256
0 1609.572021484375 3644.836181640625 1702.0703125 3800.360595703125 0.7087427973747253
0 1872.2667236328125 2166.045654296875 1989.911376953125 2289.376220703125 0.7076032161712646
0 1971.8880615234375 3355.860107421875 2093.761962890625 3437.348876953125 0.7022830843925476
0 1367.0245361328125 3668.196044921875 1465.3389892578125 3799.954833984375 0.701869010925293
0 25.54474449157715 2262.01171875 125.29212188720703 2411.218994140625 0.700788676738739
0 118.23221588134766 2042.13671875 221.02996826171875 2196.640380859375 0.6992103457450867
0 1688.2159423828125 3693.720703125 1835.0958251953125 3810.4677734375 0.6961501836776733
0 58.97843933105469 1856.2781982421875 152.78883361816406 2001.9974365234375 0.6910284161567688
0 757.5280151367188 3488.952880859375 924.2135009765625 3587.418212890625 0.6785800457000732
0 2101.080810546875 3621.175048828125 2238.45947265625 3698.35546875 0.6783748269081116
0 1143.71240234375 3492.8642578125 1260.02490234375 3628.3427734375 0.676687479019165
0 3025.36328125 2522.66943359375 3112.226318359375 2673.40380859375 0.6754665970802307
0 787.87353515625 838.4365844726562 903.2054443359375 991.12060546875 0.6645565032958984
0 103.13861846923828 2367.606689453125 214.87557983398438 2519.419189453125 0.6557040214538574
0 96.12903594970703 2616.92919921875 207.3579864501953 2723.112060546875 0.6414300203323364
0 1897.79638671875 3443.80126953125 2017.8851318359375 3560.9033203125 0.638153076171875
0 41.90303421020508 2479.4697265625 171.95391845703125 2609.85107421875 0.6356496214866638
0 1012.7149047851562 2351.983642578125 1113.4263916015625 2468.428955078125 0.6335968375205994
0 121.1423568725586 1747.5712890625 259.0663146972656 1862.1185302734375 0.6327981948852539
0 1830.536376953125 2418.49267578125 1922.7750244140625 2571.5615234375 0.6291499137878418
0 2979.5576171875 2331.342529296875 3130.1748046875 2413.145751953125 0.6290836930274963
0 3073.9111328125 2042.88818359375 3149.77783203125 2167.13623046875 0.6286424994468689
0 95.41621398925781 2357.379638671875 224.9038848876953 2453.66943359375 0.6279445290565491
0 195.5076904296875 2862.692138671875 324.4405212402344 3010.788330078125 0.618811845779419
0 177.94851684570312 2737.13134765625 310.07244873046875 2828.653076171875 0.6109948754310608
0 2986.823486328125 2304.740478515625 3130.869140625 2406.044921875 0.5980435013771057
0 1990.4476318359375 3569.171875 2143.528076171875 3671.10302734375 0.5963360071182251
0 3025.0126953125 2285.36181640625 3133.3056640625 2400.50439453125 0.596113383769989
0 1901.22314453125 3646.931640625 2052.26220703125 3756.268310546875 0.5830087065696716
0 313.94732666015625 2752.392333984375 418.5455322265625 2893.139404296875 0.5658674240112305
0 205.5782012939453 2847.321533203125 347.6383056640625 2928.33740234375 0.524747371673584
0 990.8466796875 2284.346435546875 1074.46435546875 2360.66015625 0.4751085042953491
0 88.64529418945312 2356.3525390625 223.07730102539062 2496.734619140625 0.4605032503604889
0 216.1260986328125 2842.011962890625 373.01251220703125 2910.32421875 0.36073699593544006
0 1908.4588623046875 3592.17333984375 2004.6434326171875 3661.695556640625 0.2980739176273346
0 199.9358673095703 2736.929443359375 414.30975341796875 2874.757080078125 0.2573864459991455
