0 1622.06396484375 3585.09521484375 1742.1683349609375 3670.219482421875 0.7932246923446655
0 2861.27685546875 2478.94091796875 2952.5517578125 2582.905517578125 0.7870465517044067
0 751.3544311523438 2552.135986328125 836.060302734375 2642.754638671875 0.7618056535720825
0 306.4761657714844 2229.567138671875 396.6976623535156 2324.626220703125 0.7582201361656189
0 1900.5367431640625 1029.0098876953125 2023.6044921875 1138.3282470703125 0.7580776214599609
0 700.7832641601562 1675.5557861328125 792.8179931640625 1776.6119384765625 0.7567335367202759
0 1707.3504638671875 3294.959228515625 1796.1004638671875 3431.0458984375 0.751297116279602
0 1803.32861328125 691.2778930664062 1887.1097412109375 843.32958984375 0.7478630542755127
0 2676.194091796875 1454.5946044921875 2791.582275390625 1537.766845703125 0.7429468035697937
0 1105.703857421875 3085.6298828125 1252.7752685546875 3168.63427734375 0.742030143737793
0 2909.8828125 3004.903564453125 3043.17626953125 3113.960205078125 0.7416772246360779
0 1772.819580078125 1624.3380126953125 1876.0947265625 1697.16943359375 0.7397378087043762
0 2603.819091796875 2246.2001953125 2744.998779296875 2330.86962890625 0.7385154366493225
0 769.4161376953125 3165.767822265625 892.8825073242188 3262.970947265625 0.7370337247848511
0 2136.211669921875 2973.89404296875 2273.291259765625 3067.10498046875 0.7349967956542969
0 1959.615478515625 3379.9521484375 2119.994140625 3462.1357421875 0.7296878099441528
0 1432.4217529296875 741.875732421875 1577.992919921875 835.9241943359375 0.7279585003852844
0 2464.53857421875 922.7593383789062 2586.98779296875 1044.165771484375 0.7274593710899353
0 2192.750244140625 1370.7498779296875 2327.224853515625 1488.6966552734375 0.7272897362709045
0 2970.406982421875 2032.72021484375 3065.07080078125 2142.00830078125 0.7258820533752441
0 2172.8505859375 1645.514892578125 2297.92431640625 1730.7396240234375 0.7223520874977112
0 615.7784423828125 1342.92626953125 733.5296630859375 1460.9605712890625 0.7193055748939514
0 380.1105041503906 2444.326416015625 455.714599609375 2560.057373046875 0.7154628038406372
0 452.93341064453125 1945.751220703125 582.6683959960938 2049.946044921875 0.713478147983551
0 2640.80126953125 2657.3701171875 2723.009765625 2802.791015625 0.7102681994438171
0 2929.996826171875 2750.684814453125 3064.481201171875 2854.98583984375 0.7061417102813721
0 501.31494140625 2443.618896484375 613.9332885742188 2549.3642578125 0.7054628729820251
0 1154.395751953125 2770.80078125 1281.5797119140625 2886.9853515625 0.7032476663589478
0 529.6480712890625 2635.0625 620.9841918945312 2715.7626953125 0.7029862403869629
0 2167.484375 3106.658203125 2279.046630859375 3206.417724609375 0.6957231163978577
0 799.3788452148438 1437.9681396484375 948.9497680664062 1535.1260986328125 0.6956066489219666
0 595.7277221679688 1984.9161376953125 706.0703735351562 2132.76123046875 0.6948095560073853
0 2128.34521484375 2515.71044921875 2275.943359375 2598.091064453125 0.6903594732284546
0 2842.777587890625 1904.4700927734375 2937.324462890625 2028.0946044921875 0.6819692254066467
0 3007.9501953125 2807.894287109375 3149.829833984375 2912.5029296875 0.6815378665924072
0 3104.05615234375 1833.6298828125 3220.896484375 1965.989501953125 0.6803919672966003
0 2653.94140625 2522.30224609375 2737.768310546875 2657.541748046875 0.6772346496582031
0 409.24713134765625 2532.0107421875 497.5501708984375 2645.021484375 0.6652349829673767
0 2563.786376953125 3049.634033203125 2652.314697265625 3156.667724609375 0.6640931367874146
0 2525.049560546875 3290.20361328125 2621.9326171875 3391.427001953125 0.6618933081626892
0 2983.5439453125 1398.4754638671875 3064.1337890625 1550.617431640625 0.6613471508026123
0 3126.1572265625 2303.4697265625 3273.88037109375 2386.53466796875 0.6562538743019104
0 2633.058837890625 2995.48046875 2754.749267578125 3104.623779296875 0.6527540683746338
0 726.2125854492188 3294.46728515625 878.0062255859375 3394.374267578125 0.6491920948028564
0 3169.56298828125 1957.457275390625 3252.478515625 2099.5625 0.6474395990371704
0 656.0601806640625 2677.921875 757.8060913085938 2794.3671875 0.6467516422271729
0 309.3049621582031 2546.148193359375 398.72509765625 2674.718017578125 0.629176914691925
0 3131.73828125 2238.07666015625 3279.44873046875 2298.119873046875 0.6050189733505249
0 3122.649169921875 2134.097900390625 3206.8671875 2234.201171875 0.5594496726989746
