0 2222.976318359375 3170.9423828125 2306.770751953125 3260.2431640625 0.8099769949913025
0 2566.107177734375 1501.7413330078125 2688.40087890625 1600.937255859375 0.7871578335762024
0 399.20111083984375 3026.478759765625 491.64935302734375 3177.204833984375 0.7749295830726624
0 221.7069091796875 1436.7947998046875 325.4141845703125 1564.02783203125 0.7503802180290222
0 2682.715087890625 3081.525634765625 2787.58984375 3181.140380859375 0.7470612525939941
0 1317.801025390625 936.33935546875 1452.235107421875 1065.3988037109375 0.7422674298286438
0 2011.0537109375 978.325439453125 2148.94189453125 1064.8370361328125 0.7407841086387634
0 2023.041259765625 3451.273193359375 2112.313720703125 3586.023681640625 0.7391638159751892
0 740.0882568359375 2177.462158203125 820.0418090820312 2295.514404296875 0.7367951273918152
0 671.9402465820312 3251.429931640625 759.6827392578125 3348.26904296875 0.7337454557418823
0 1058.2286376953125 3216.88330078125 1149.7088623046875 3354.139892578125 0.7323918342590332
0 3078.6650390625 2071.775390625 3225.93505859375 2175.009765625 0.7270587682723999
0 2421.9169921875 2007.4644775390625 2490.282958984375 2145.746337890625 0.7258886098861694
0 1574.536376953125 2940.00341796875 1673.5174560546875 3065.900634765625 0.7145566940307617
0 2912.94970703125 1843.1065673828125 3012.037353515625 1985.135986328125 0.7142844200134277
0 1206.635498046875 2052.03662109375 1285.7418212890625 2138.783203125 0.7109552621841431
0 2534.4482421875 3422.732421875 2644.363525390625 3569.554443359375 0.7085080742835999
0 246.97671508789062 2914.256103515625 335.6280822753906 3066.80859375 0.704619824886322
0 152.23440551757812 2705.779052734375 266.2860412597656 2801.384033203125 0.6994112730026245
0 898.1832275390625 2816.30224609375 980.6881103515625 2950.345703125 0.6979622840881348
0 1025.97802734375 829.3560180664062 1180.3902587890625 924.2079467773438 0.6957558393478394
0 1282.1861572265625 3322.225830078125 1405.4500732421875 3426.447021484375 0.6956315636634827
0 566.4622802734375 2372.713623046875 681.0158081054688 2482.456787109375 0.6906352043151855
0 1662.97705078125 3713.185302734375 1751.8734130859375 3868.02685546875 0.6895522475242615
0 2132.6171875 3001.6435546875 2270.2060546875 3089.908447265625 0.6890237927436829
0 2600.8193359375 1194.6439208984375 2750.8291015625 1285.5836181640625 0.6878858208656311
0 1393.8216552734375 3212.91162109375 1545.2313232421875 3311.11669921875 0.6867262125015259
0 2846.494140625 3091.11474609375 2938.3623046875 3244.4638671875 0.6839194297790527
0 196.3807373046875 2801.568603515625 288.3902282714844 2944.365966796875 0.682041585445404
0 2522.25634765625 2761.388916015625 2604.74560546875 2886.650390625 0.6815615892410278
0 1599.5257568359375 3436.7138671875 1749.3831787109375 3557.47216796875 0.6807757616043091
0 867.9207763671875 2050.9912109375 950.1578979492188 2141.4921875 0.6791672110557556
0 1744.2808837890625 3761.16015625 1863.77587890625 3854.882568359375 0.6777166128158569
0 2753.20263671875 3195.173095703125 2846.63916015625 3350.099853515625 0.6776694655418396
0 2893.248046875 2485.209228515625 2975.87841796875 2628.8681640625 0.6754113435745239
0 798.4948120117188 1683.8980712890625 939.3960571289062 1816.271484375 0.6721153259277344
0 2520.50390625 3238.466552734375 2616.0517578125 3388.65625 0.670503556728363
0 1464.844970703125 3591.38037109375 1578.1180419921875 3718.76611328125 0.6615266799926758
0 761.2135620117188 2098.89208984375 895.56396484375 2186.872802734375 0.6582295298576355
0 2868.110107421875 1341.575439453125 2950.650146484375 1490.582763671875 0.6555203199386597
0 1044.0115966796875 3388.82666015625 1131.59033203125 3489.293701171875 0.6523227095603943
0 2088.9453125 3250.946533203125 2226.780517578125 3381.298583984375 0.6506426334381104
0 1547.151611328125 3717.327880859375 1651.4371337890625 3866.1591796875 0.6483715772628784
0 1453.3623046875 3741.479736328125 1545.378173828125 3863.218017578125 0.6463435292243958
0 1846.3924560546875 3532.498291015625 1992.326904296875 3648.87939453125 0.6458655595779419
0 2598.30322265625 1342.2783203125 2730.019287109375 1440.697998046875 0.641022801399231
0 2733.838134765625 1380.9404296875 2849.42041015625 1468.099365234375 0.6372578144073486
0 2754.48779296875 1247.2633056640625 2864.184814453125 1369.46484375 0.6313904523849487
0 1450.1212158203125 3312.07275390625 1567.125244140625 3411.22314453125 0.6182272434234619
0 1393.968994140625 3675.173828125 1513.7344970703125 3745.3896484375 0.4711786210536957
0 2627.572265625 1294.281005859375 2763.965576171875 1367.1842041015625 0.3276747763156891
