0 1798.0360107421875 3407.89990234375 1889.1224365234375 3474.536376953125 0.8073725700378418
0 1748.516357421875 1321.36962890625 1825.5528564453125 1402.877197265625 0.8045779466629028
0 801.8956298828125 2071.474609375 923.1353759765625 2148.933837890625 0.7899379134178162
0 1174.4876708984375 3431.364990234375 1287.5260009765625 3491.53271484375 0.7893016338348389
0 1961.0294189453125 1150.883056640625 2082.254150390625 1233.558837890625 0.7889872789382935
0 1758.8885498046875 1477.9622802734375 1876.34765625 1553.476318359375 0.7885509133338928
0 1327.3502197265625 1380.6181640625 1437.2784423828125 1453.1298828125 0.788421094417572
0 2777.604248046875 1764.5958251953125 2904.732421875 1855.68017578125 0.7822791934013367
0 762.7796630859375 1800.4124755859375 838.2973022460938 1891.64013671875 0.7766913175582886
0 1442.748291015625 3228.734619140625 1529.3424072265625 3321.908935546875 0.7747706770896912
0 2350.703125 3361.45458984375 2436.656005859375 3473.006103515625 0.7716602087020874
0 2694.193359375 1629.2607421875 2762.539794921875 1726.9534912109375 0.7643020153045654
0 2771.63134765625 2544.67724609375 2845.7236328125 2659.841064453125 0.7592911720275879
0 1372.7213134765625 1216.7884521484375 1481.7774658203125 1284.444091796875 0.754639744758606
0 1287.341552734375 2192.97314453125 1367.641357421875 2280.9443359375 0.7534827589988708
0 2231.17919921875 3229.5771484375 2336.5859375 3308.427734375 0.749472975730896
0 2258.572021484375 2948.589111328125 2374.248291015625 3015.689208984375 0.7467160224914551
0 2379.50732421875 1324.9296875 2503.728515625 1392.71875 0.7424550652503967
0 2847.91259765625 2349.41259765625 2911.34033203125 2457.08203125 0.7414014935493469
0 2391.612548828125 3046.787109375 2490.927490234375 3119.492919921875 0.741047739982605
0 2737.249755859375 2212.950927734375 2822.12109375 2293.057861328125 0.7369105219841003
0 2473.64501953125 3195.275390625 2603.41259765625 3280.517578125 0.7358211278915405
0 1048.8731689453125 3328.008544921875 1133.5400390625 3441.87353515625 0.7341361045837402
0 2195.145263671875 2840.76025390625 2297.3955078125 2920.615478515625 0.7339076995849609
0 1440.6341552734375 3515.704833984375 1509.3968505859375 3619.588134765625 0.7282426953315735
0 1736.9371337890625 2177.033203125 1791.25439453125 2261.460693359375 0.7255203127861023
0 2245.179931640625 3411.97705078125 2355.893798828125 3482.0615234375 0.724174439907074
0 507.0225524902344 2380.9375 575.135986328125 2488.041748046875 0.7221974730491638
0 1871.5128173828125 1648.519287109375 1949.62353515625 1748.274658203125 0.7218067646026611
0 488.43206787109375 2224.16845703125 588.9505615234375 2303.103271484375 0.7138330340385437
0 2017.1536865234375 3228.34375 2112.430908203125 3341.326171875 0.7127090096473694
0 2125.17529296875 3100.361083984375 2235.88623046875 3173.597412109375 0.7095614671707153
0 1706.61279296875 3544.78759765625 1781.4581298828125 3673.0341796875 0.7076522707939148
0 2006.5162353515625 3123.43408203125 2119.967041015625 3199.255859375 0.7026540040969849
0 2848.58056640625 2098.202880859375 2948.28759765625 2198.027099609375 0.7022342681884766
0 2107.649658203125 2146.8310546875 2200.967041015625 2253.2158203125 0.7009867429733276
0 665.0703735351562 2083.32763671875 780.8214111328125 2162.061767578125 0.7004531025886536
0 650.6336669921875 2165.00341796875 752.5426025390625 2242.943115234375 0.692867636680603
0 2893.237548828125 2026.3704833984375 2999.052001953125 2134.567626953125 0.6881215572357178
0 1421.62158203125 3319.596923828125 1523.8966064453125 3394.2802734375 0.6847682595252991
0 1760.2510986328125 1571.57861328125 1838.89501953125 1646.720703125 0.6794757843017578
0 2929.074462890625 2351.03271484375 3020.7978515625 2468.001220703125 0.6745761632919312
0 1923.7056884765625 2046.65673828125 1991.1041259765625 2159.58935546875 0.6736062169075012
0 532.9503173828125 2319.53173828125 625.68994140625 2389.185302734375 0.6688899993896484
0 2088.34033203125 3189.53662109375 2208.18359375 3253.36572265625 0.6540755033493042
0 2234.557861328125 3026.39794921875 2349.476318359375 3083.426025390625 0.6479594111442566
0 458.7819519042969 2161.7744140625 533.9357299804688 2246.6171875 0.6393136382102966
0 2898.734619140625 2224.363037109375 3017.56103515625 2308.312744140625 0.6144145727157593
0 495.168701171875 2101.849853515625 560.7701416015625 2182.194580078125 0.5781055688858032
0 2815.611572265625 2181.228271484375 2907.29638671875 2244.225341796875 0.4616062045097351
0 518.60546875 2331.50439453125 608.9532470703125 2406.50439453125 0.31994113326072693
0 482.54058837890625 2218.578369140625 571.9051513671875 2291.3837890625 0.28300657868385315
