0 1415.4306640625 2506.445556640625 1519.56591796875 2619.769775390625 0.7504649758338928
0 1399.7938232421875 3056.7900390625 1480.3421630859375 3177.005859375 0.7453377842903137
0 1874.5361328125 3137.609130859375 1947.4578857421875 3253.081298828125 0.7411258220672607
0 2002.1904296875 2675.930908203125 2122.28564453125 2752.38818359375 0.7371545433998108
0 2237.805419921875 2720.86376953125 2334.54345703125 2824.406982421875 0.7369287610054016
0 2219.02001953125 3218.62255859375 2326.4111328125 3324.482177734375 0.7118833065032959
0 1467.9273681640625 3157.958740234375 1554.4932861328125 3258.146240234375 0.7074561715126038
0 1576.25048828125 3411.08984375 1678.5174560546875 3525.179931640625 0.7062149047851562
0 2270.7978515625 2927.951416015625 2379.103515625 3040.06103515625 0.6958531141281128
0 1930.10888671875 3476.10693359375 2053.414794921875 3580.798828125 0.6957796812057495
0 1620.8902587890625 2531.93701171875 1758.9061279296875 2614.25146484375 0.6782393455505371
0 1729.2979736328125 3447.372802734375 1816.8453369140625 3583.46044921875 0.6780204772949219
0 1570.19677734375 2580.7490234375 1686.5753173828125 2706.147705078125 0.673376202583313
0 1370.4345703125 3182.084716796875 1480.5906982421875 3278.793212890625 0.6522252559661865
0 2096.2744140625 3304.29638671875 2170.674072265625 3424.8740234375 0.6422623991966248
0 2172.999267578125 3291.724853515625 2284.4755859375 3385.6611328125 0.6421671509742737
0 2096.97412109375 3438.76708984375 2175.919921875 3563.3388671875 0.6357503533363342
0 1778.441162109375 2913.099853515625 1878.003662109375 3003.45263671875 0.6347492933273315
0 2171.6171875 3385.803955078125 2260.17431640625 3513.966552734375 0.6235050559043884
0 2002.189697265625 3238.639892578125 2099.95849609375 3319.927490234375 0.6182695627212524
0 1776.222900390625 2936.160888671875 1878.144775390625 3029.45947265625 0.4307084083557129
0 1275.578125 3316.213623046875 1325.0909423828125 3369.660400390625 0.3009675443172455
0 1775.6553955078125 2977.8486328125 1870.46630859375 3032.967529296875 0.27861711382865906
