0 1810.894287109375 1103.3809814453125 1943.3089599609375 1184.937744140625 0.7766502499580383
0 1583.1807861328125 3562.0703125 1670.033935546875 3666.09765625 0.7719785571098328
0 247.93414306640625 2524.190673828125 332.9258728027344 2625.8486328125 0.7691726684570312
0 919.6846313476562 3171.2734375 1008.3168334960938 3314.305908203125 0.7669392824172974
0 2320.592529296875 1462.2344970703125 2401.03759765625 1599.26611328125 0.7654429078102112
0 1636.289306640625 2388.093505859375 1712.7706298828125 2480.38671875 0.7649415731430054
0 3056.49755859375 2540.8779296875 3177.36669921875 2617.577392578125 0.759759247303009
0 317.7646789550781 3026.044189453125 458.1551513671875 3145.002685546875 0.7333359122276306
0 338.7497253417969 2807.825439453125 414.8039855957031 2921.636962890625 0.7331421375274658
0 694.419189453125 3259.717529296875 818.1991577148438 3381.690185546875 0.733123242855072
0 2770.580810546875 1252.593994140625 2917.8544921875 1362.704345703125 0.7312495708465576
0 1787.3585205078125 3325.551025390625 1927.9281005859375 3409.695556640625 0.7310068607330322
0 1611.7701416015625 2571.906982421875 1697.572021484375 2652.125 0.7289561629295349
0 1054.3199462890625 811.0801391601562 1199.3280029296875 928.82470703125 0.7244765162467957
0 948.14453125 3582.4052734375 1077.6407470703125 3667.806884765625 0.7240247130393982
0 2441.3974609375 2875.093505859375 2536.515380859375 3015.26904296875 0.7228008508682251
0 2594.4248046875 2593.69775390625 2729.52880859375 2692.50244140625 0.7226733565330505
0 2636.455810546875 3294.9287109375 2729.578125 3434.92529296875 0.7189704775810242
0 931.235107421875 2416.31689453125 1070.703857421875 2488.922119140625 0.7165064215660095
0 1804.5333251953125 2177.32470703125 1885.9691162109375 2288.9453125 0.7160214781761169
0 205.90988159179688 1524.47998046875 296.83929443359375 1652.22412109375 0.7146036624908447
0 1429.5933837890625 921.8989868164062 1543.643310546875 1049.411376953125 0.7140725255012512
0 2092.2744140625 3170.939697265625 2200.497314453125 3279.294921875 0.7110564112663269
0 2731.277587890625 3085.854736328125 2819.516357421875 3219.654052734375 0.7091745138168335
0 259.5326843261719 2885.463134765625 345.9549560546875 3024.883056640625 0.7070317268371582
0 1499.8408203125 2468.7490234375 1577.356201171875 2599.339111328125 0.7065292596817017
0 2195.600830078125 1804.094482421875 2294.9873046875 1924.2171630859375 0.7059823274612427
0 402.88775634765625 3148.75390625 517.8391723632812 3241.69384765625 0.705702543258667
0 2810.0927734375 1413.6715087890625 2959.625732421875 1533.680908203125 0.7030805349349976
0 3053.299072265625 1865.6611328125 3187.692626953125 1991.3148193359375 0.7012515068054199
0 146.26573181152344 2366.550537109375 297.5375671386719 2472.5322265625 0.6997033357620239
0 1502.4541015625 3664.126953125 1634.2811279296875 3802.38427734375 0.6991326212882996
0 525.4125366210938 2864.944580078125 612.2550048828125 2955.147705078125 0.6964392066001892
0 2462.886474609375 3334.8505859375 2551.523193359375 3488.230712890625 0.6951296925544739
0 883.4728393554688 1757.8758544921875 993.0723876953125 1864.95361328125 0.6945309638977051
0 3125.82421875 2122.33642578125 3217.4208984375 2273.164306640625 0.6886968016624451
0 2339.553955078125 2442.880126953125 2433.654296875 2564.550048828125 0.686992883682251
0 1592.0758056640625 3728.25146484375 1744.387939453125 3826.730224609375 0.6803351640701294
0 2953.5205078125 1532.30078125 3041.47216796875 1673.1064453125 0.6796039342880249
0 2266.421142578125 3488.669189453125 2421.94287109375 3588.737548828125 0.6794439554214478
0 160.3562469482422 2665.1591796875 242.21644592285156 2783.164306640625 0.6683899760246277
0 2442.376708984375 2617.197998046875 2565.50439453125 2742.995849609375 0.6667091846466064
0 895.0828857421875 1663.6470947265625 1047.863037109375 1773.5323486328125 0.6652016639709473
0 1164.500244140625 3678.153076171875 1323.828125 3766.669189453125 0.663047730922699
0 2623.169189453125 2778.503173828125 2760.665771484375 2930.18994140625 0.6619112491607666
0 2685.18505859375 3214.51904296875 2798.82861328125 3351.57373046875 0.6537608504295349
0 200.74546813964844 2768.309814453125 286.3875427246094 2915.683837890625 0.6200379729270935
0 3035.12548828125 1618.2779541015625 3117.200439453125 1767.3951416015625 0.6031025648117065
0 2798.953125 3167.080810546875 2884.09521484375 3301.160400390625 0.5990577340126038
0 2618.34326171875 2773.666259765625 2749.2431640625 2872.245849609375 0.4927244484424591
