0 1433.5252685546875 1088.94091796875 1511.6641845703125 1170.62060546875 0.7636091709136963
0 1960.0419921875 800.4545288085938 2044.587890625 920.2847290039062 0.7496275305747986
0 1999.8819580078125 705.5547485351562 2105.669921875 805.941162109375 0.7447453737258911
0 2794.152587890625 1056.87939453125 2884.031982421875 1179.8101806640625 0.7299554944038391
0 2178.168212890625 3098.355224609375 2299.3916015625 3192.39453125 0.7198753356933594
0 2457.41064453125 2973.387451171875 2568.5869140625 3095.793212890625 0.7194864749908447
0 3326.62353515625 1704.71923828125 3451.83056640625 1813.9359130859375 0.7192832827568054
0 980.4994506835938 2055.763427734375 1103.943115234375 2153.802490234375 0.7174454927444458
0 2784.333251953125 2552.136962890625 2864.138427734375 2678.71435546875 0.7099314332008362
0 2953.30419921875 2475.986328125 3089.43896484375 2592.992431640625 0.6920995116233826
0 3136.4462890625 773.90966796875 3228.90576171875 936.0164184570312 0.6917324066162109
0 2349.4853515625 2497.158935546875 2450.947265625 2610.774169921875 0.6914696097373962
0 3506.196533203125 1904.14453125 3623.063720703125 1974.042236328125 0.6792572140693665
0 3566.8076171875 1731.51513671875 3688.915771484375 1850.6240234375 0.6641385555267334
0 3464.447509765625 1738.812744140625 3564.966064453125 1860.9293212890625 0.6617326736450195
0 3474.575927734375 1979.236572265625 3551.640625 2103.50927734375 0.6370548009872437
0 3555.605224609375 1970.8385009765625 3631.673828125 2093.21484375 0.63034588098526
0 2915.255859375 1266.151123046875 2999.376953125 1393.5823974609375 0.620955765247345
