0 2106.663818359375 1112.6488037109375 2207.562255859375 1194.7625732421875 0.7901886105537415
0 1904.086669921875 3654.84912109375 1979.441162109375 3732.935546875 0.7824715375900269
0 1978.4320068359375 2250.900146484375 2062.842529296875 2328.667724609375 0.7814843058586121
0 529.1018676757812 1773.275390625 628.7465209960938 1856.0269775390625 0.7630565762519836
0 645.5974731445312 2550.24267578125 731.2330932617188 2626.1982421875 0.761419415473938
0 1899.7232666015625 1870.379638671875 1990.6405029296875 1985.2437744140625 0.7581537365913391
0 537.0194091796875 2472.566162109375 646.8836669921875 2568.753173828125 0.7446731925010681
0 638.088623046875 3169.366943359375 764.563232421875 3245.5625 0.7347328662872314
0 2432.635986328125 3490.028076171875 2560.87548828125 3578.715087890625 0.732452392578125
0 662.2899780273438 3388.60400390625 748.3108520507812 3526.015869140625 0.7242256999015808
0 3059.510986328125 3033.876708984375 3141.178955078125 3122.343505859375 0.7188483476638794
0 2303.54443359375 3670.935791015625 2444.6259765625 3781.269287109375 0.7182128429412842
0 2050.468505859375 3771.317626953125 2196.8310546875 3857.347412109375 0.7119619250297546
0 468.42694091796875 2882.051513671875 569.1525268554688 2966.938232421875 0.7098062634468079
0 707.0439453125 1645.3209228515625 812.791259765625 1766.3580322265625 0.7087116837501526
0 2788.036865234375 2878.9609375 2909.19189453125 2951.963134765625 0.7082261443138123
0 341.22412109375 2504.151611328125 421.74139404296875 2637.33203125 0.7065851092338562
0 1740.9461669921875 3787.718017578125 1831.6092529296875 3908.466552734375 0.70645672082901
0 320.6273193359375 2699.16552734375 429.6106872558594 2821.62744140625 0.7023590803146362
0 2393.54736328125 3212.948974609375 2493.15673828125 3346.35888671875 0.7013095021247864
0 1639.918212890625 3571.186279296875 1769.640869140625 3678.5458984375 0.7008756995201111
0 2207.861083984375 2777.9755859375 2332.970947265625 2854.848876953125 0.6998260021209717
0 1806.6656494140625 3303.918701171875 1899.283935546875 3380.6640625 0.6998016834259033
0 2569.476806640625 3150.269287109375 2652.1083984375 3235.181396484375 0.6971946358680725
0 1666.118896484375 3890.931396484375 1808.8624267578125 3998.87451171875 0.6870455741882324
0 2318.582763671875 3278.409423828125 2404.8740234375 3410.145751953125 0.686377763748169
0 3165.787841796875 2274.69287109375 3285.622802734375 2409.281005859375 0.6825978755950928
0 1554.624267578125 3550.782470703125 1634.267822265625 3678.94580078125 0.6809202432632446
0 3200.174072265625 2637.0693359375 3280.803466796875 2778.768798828125 0.6725007891654968
0 849.1227416992188 3579.527587890625 955.5852661132812 3686.540771484375 0.672370433807373
0 2015.245849609375 3865.187744140625 2175.50390625 3960.38623046875 0.6708431243896484
0 2147.75537109375 1305.3953857421875 2278.463134765625 1402.1455078125 0.6705650687217712
0 2283.74267578125 1274.07421875 2411.774169921875 1389.6044921875 0.6695064306259155
0 977.6846923828125 3662.83837890625 1053.5252685546875 3782.6181640625 0.6656999588012695
0 2339.78271484375 3475.818359375 2428.976318359375 3573.811767578125 0.6587358117103577
0 2862.854736328125 3145.823974609375 2987.03173828125 3269.221923828125 0.6586294770240784
0 3126.463134765625 2861.88818359375 3219.9775390625 2986.6005859375 0.6471459269523621
0 3140.72802734375 2519.156494140625 3260.23828125 2608.02099609375 0.6470479369163513
0 356.7445068359375 2817.77587890625 460.92529296875 2943.348876953125 0.6470298171043396
0 2797.810791015625 2308.99853515625 2869.83837890625 2424.658447265625 0.6465815305709839
0 2823.153564453125 2397.76220703125 2940.09423828125 2519.4013671875 0.6244455575942993
0 1403.0595703125 3653.66064453125 1549.8153076171875 3755.665771484375 0.620727002620697
0 1438.6622314453125 3771.0263671875 1541.218505859375 3877.27685546875 0.6188673377037048
0 3166.513671875 2767.930908203125 3261.89697265625 2892.671142578125 0.6121029257774353
0 1409.479736328125 3857.968994140625 1532.138916015625 3978.8056640625 0.6119298338890076
0 1243.4456787109375 3780.237060546875 1323.7130126953125 3896.26611328125 0.6007013320922852
0 1131.02099609375 3760.317626953125 1241.538818359375 3897.44873046875 0.5930342078208923
0 3030.140380859375 2940.403564453125 3168.548583984375 3023.46923828125 0.5689706206321716
0 2530.0087890625 2630.6875 2643.398681640625 2715.94482421875 0.5131536722183228
0 1326.6375732421875 3802.998046875 1409.9388427734375 3941.299560546875 0.5122476816177368
0 3002.353271484375 3115.90625 3097.82275390625 3199.652587890625 0.5040830969810486
0 3077.92333984375 3125.952392578125 3155.36767578125 3190.69384765625 0.459104061126709
0 3042.97705078125 2952.09912109375 3179.408935546875 3027.912841796875 0.3380047380924225
