0 1567.1881103515625 3076.451904296875 1657.3468017578125 3140.117919921875 0.7872614860534668
0 1944.0799560546875 1436.6478271484375 2059.525390625 1515.029541015625 0.785203754901886
0 967.7506713867188 3260.838623046875 1073.8304443359375 3364.418701171875 0.7837605476379395
0 2798.405029296875 2450.6875 2862.32568359375 2515.17919921875 0.7816330790519714
0 929.1715087890625 2754.864013671875 1024.505859375 2834.491943359375 0.7808881402015686
0 878.5137329101562 2357.028564453125 959.452392578125 2458.178955078125 0.7739996314048767
0 2926.71826171875 2441.20654296875 3011.3017578125 2525.3212890625 0.7689788937568665
0 2608.90087890625 3106.85009765625 2720.188232421875 3166.140380859375 0.7685614228248596
0 2823.3779296875 2754.25537109375 2927.60400390625 2863.853759765625 0.7501596212387085
0 1472.7545166015625 1856.017822265625 1549.1942138671875 1909.1004638671875 0.7499288320541382
0 2534.982421875 2714.562744140625 2634.323486328125 2794.57958984375 0.7479903697967529
0 1516.68896484375 2308.58056640625 1607.8280029296875 2408.981201171875 0.7447652220726013
0 1283.1947021484375 3421.65283203125 1397.6810302734375 3522.45849609375 0.7419473528862
0 2529.302001953125 2565.536376953125 2598.122314453125 2640.8798828125 0.741115152835846
0 2122.394287109375 3443.589599609375 2201.073974609375 3573.34521484375 0.7398384809494019
0 1120.939697265625 1757.26025390625 1210.8992919921875 1852.68701171875 0.7320913076400757
0 1564.135986328125 3549.064697265625 1689.8770751953125 3619.5791015625 0.7305251955986023
0 2423.68017578125 1743.9281005859375 2549.623779296875 1835.5289306640625 0.7292206883430481
0 2241.308837890625 2892.42431640625 2309.2392578125 2959.101806640625 0.7290945649147034
0 1180.7276611328125 3154.802734375 1241.606201171875 3260.43505859375 0.7289175987243652
0 2286.77001953125 2748.64794921875 2343.958984375 2852.267333984375 0.7284437417984009
0 1179.5582275390625 1910.9365234375 1268.13427734375 1996.8377685546875 0.7280002236366272
0 1693.1524658203125 1442.869873046875 1817.36669921875 1513.9892578125 0.7258509397506714
0 2125.81103515625 1208.4833984375 2232.12255859375 1315.0147705078125 0.7221747040748596
0 2475.196044921875 2068.413330078125 2574.10595703125 2168.427490234375 0.7186004519462585
0 2376.0 3320.76416015625 2475.187744140625 3431.767333984375 0.7173025012016296
0 2471.349365234375 1419.850830078125 2563.307861328125 1532.453369140625 0.7163471579551697
0 1631.0501708984375 1532.935791015625 1761.118408203125 1599.7279052734375 0.7127586603164673
0 1410.62158203125 2050.267578125 1505.302978515625 2128.0078125 0.7125834226608276
0 1965.18994140625 2409.694580078125 2030.61328125 2472.400390625 0.7054242491722107
0 2563.302978515625 2425.749267578125 2679.018798828125 2499.0576171875 0.7021846771240234
0 2143.868408203125 3028.370849609375 2247.8154296875 3099.25048828125 0.6951076984405518
0 545.335205078125 2128.19873046875 612.8688354492188 2201.572265625 0.69303959608078
0 2673.591064453125 2983.2099609375 2801.8984375 3051.409912109375 0.691571831703186
0 1359.5872802734375 1955.4403076171875 1462.5650634765625 2018.8350830078125 0.6907523274421692
0 2804.907470703125 1805.344970703125 2871.3212890625 1930.1593017578125 0.6824371814727783
0 2225.13330078125 3008.883056640625 2332.01171875 3071.63037109375 0.6820698380470276
0 1541.5543212890625 3425.06884765625 1631.388427734375 3527.357666015625 0.671028733253479
0 2699.57080078125 2761.25830078125 2806.979248046875 2857.837646484375 0.6619423031806946
0 1450.1612548828125 3520.23876953125 1565.2701416015625 3625.592529296875 0.6602563858032227
0 2593.39453125 2796.0107421875 2662.319580078125 2911.461181640625 0.6546632647514343
0 2069.794189453125 2517.207763671875 2137.271728515625 2583.260009765625 0.6371604800224304
0 2482.643798828125 2175.546630859375 2586.5205078125 2234.1982421875 0.627130389213562
0 1754.4959716796875 2184.703857421875 1815.935302734375 2268.455322265625 0.6123584508895874
0 500.51849365234375 2182.988525390625 568.7709350585938 2285.71630859375 0.6001091599464417
0 2558.384521484375 3196.078857421875 2628.982421875 3309.630126953125 0.5949665307998657
0 2427.367431640625 3216.460693359375 2498.2275390625 3310.703125 0.5463353395462036
0 1531.18603515625 3431.5830078125 1617.7427978515625 3535.652587890625 0.5347506403923035
0 2273.13134765625 3083.106201171875 2347.376708984375 3148.66796875 0.48482248187065125
0 2455.336181640625 3254.831787109375 2558.739501953125 3349.93798828125 0.43013837933540344
0 2474.851318359375 3264.55078125 2565.789306640625 3358.66748046875 0.28497904539108276
