0 1011.9396362304688 2931.15771484375 1115.0333251953125 3043.703369140625 0.7309921979904175
0 1518.1756591796875 2985.152099609375 1634.772705078125 3076.8515625 0.7214056849479675
0 1353.7362060546875 2650.08203125 1434.4879150390625 2781.7265625 0.7193264961242676
0 1246.7640380859375 2799.431640625 1335.5166015625 2951.029541015625 0.7098963856697083
0 1765.0738525390625 2898.639404296875 1909.77490234375 2994.726806640625 0.7029460668563843
0 1229.72607421875 3096.968994140625 1313.5572509765625 3230.85595703125 0.6985135078430176
0 1001.0142211914062 2825.08544921875 1153.19921875 2919.03515625 0.6930513978004456
0 1505.4208984375 2566.411376953125 1600.639892578125 2691.8505859375 0.6788333058357239
0 1735.8043212890625 3007.31201171875 1854.2911376953125 3146.9140625 0.6008704304695129
0 1643.6209716796875 2967.974365234375 1755.8543701171875 3061.475341796875 0.5796822905540466
