0 2826.46337890625 2055.03125 2922.02099609375 2120.23974609375 0.7913708090782166
0 2456.232177734375 1574.794921875 2527.3076171875 1644.619873046875 0.7865318059921265
0 1362.267333984375 1935.342529296875 1442.7581787109375 2034.1708984375 0.7770298719406128
0 2894.27294921875 2695.946044921875 2966.16796875 2761.192626953125 0.7608765959739685
0 1920.45263671875 1034.019775390625 2028.859375 1114.4183349609375 0.7551701664924622
0 2649.569091796875 1016.7294311523438 2721.273681640625 1084.946044921875 0.7481525540351868
0 2350.454833984375 648.71337890625 2472.71044921875 742.9722900390625 0.7472198009490967
0 2575.62744140625 853.913330078125 2666.941162109375 949.4202270507812 0.7440853118896484
0 3205.865234375 1711.730712890625 3324.288818359375 1780.76513671875 0.7376887202262878
0 1942.91845703125 909.8753662109375 2049.236572265625 1005.593505859375 0.7365940809249878
0 2220.8369140625 677.71240234375 2344.666748046875 752.7699584960938 0.7353906631469727
0 3027.43798828125 1056.5308837890625 3144.392822265625 1147.628662109375 0.7331615090370178
0 3678.37939453125 1944.06689453125 3752.470947265625 2061.50146484375 0.7319090366363525
0 2520.33203125 2493.191162109375 2640.13720703125 2584.022705078125 0.7309640049934387
0 3689.18603515625 1751.5174560546875 3759.772216796875 1858.5257568359375 0.7299002408981323
0 1952.726318359375 1886.70166015625 2031.641845703125 1946.5517578125 0.7287354469299316
0 2839.306884765625 642.0233764648438 2940.00244140625 749.6998291015625 0.7286848425865173
0 2683.190185546875 3107.71142578125 2776.92724609375 3203.672607421875 0.72649747133255
0 3830.01953125 1665.9820556640625 3905.20947265625 1795.14794921875 0.7002440094947815
0 3806.683837890625 2066.255126953125 3919.192138671875 2166.16259765625 0.6991396546363831
0 2786.057861328125 1071.7847900390625 2852.69140625 1139.9041748046875 0.6939870715141296
0 3640.467529296875 2547.5908203125 3734.437744140625 2640.18994140625 0.6895781755447388
0 3695.622802734375 2428.898193359375 3809.337646484375 2525.95556640625 0.6856082677841187
0 3045.28857421875 2798.052001953125 3129.44287109375 2852.765625 0.6848164200782776
0 2955.00634765625 800.7626953125 3042.648193359375 881.7193603515625 0.6847870945930481
0 2775.9384765625 2761.25439453125 2859.31884765625 2840.271484375 0.6799043416976929
0 3096.810791015625 2469.613525390625 3191.6669921875 2528.501953125 0.6782131195068359
0 3608.79833984375 2255.27490234375 3691.190185546875 2334.81982421875 0.6617012619972229
0 3001.997314453125 1940.1158447265625 3123.724609375 2010.1627197265625 0.6610156893730164
0 1811.2178955078125 1453.6551513671875 1886.6669921875 1574.5035400390625 0.6523080468177795
0 2726.68408203125 2816.1669921875 2815.841552734375 2879.35400390625 0.6495309472084045
0 1720.0682373046875 1045.259765625 1789.1114501953125 1166.2252197265625 0.6486027836799622
0 1514.5494384765625 1204.872314453125 1583.5693359375 1309.7864990234375 0.6481680870056152
0 3065.769775390625 735.525634765625 3163.155517578125 837.5650024414062 0.6395717859268188
0 1594.5296630859375 1124.6240234375 1669.1072998046875 1222.671630859375 0.6383047699928284
0 2224.45361328125 2880.54833984375 2314.335205078125 2964.216064453125 0.6363580226898193
0 2789.331298828125 1546.2789306640625 2846.545654296875 1643.189208984375 0.6351470351219177
0 3454.6044921875 1073.0423583984375 3546.328857421875 1176.1640625 0.6322663426399231
0 3547.701416015625 1048.9945068359375 3622.9658203125 1168.1092529296875 0.6236034631729126
0 2967.457763671875 674.2866821289062 3045.24365234375 789.5776977539062 0.614662766456604
0 3471.11083984375 973.00732421875 3535.088134765625 1076.1064453125 0.6121911406517029
0 3302.841796875 2861.8095703125 3397.459716796875 2943.585205078125 0.6073756814002991
0 3769.895751953125 2256.54833984375 3880.114990234375 2359.341552734375 0.5949833989143372
0 3655.68359375 2323.578369140625 3752.031494140625 2433.762451171875 0.5937209725379944
0 3505.025390625 2619.0400390625 3604.892578125 2726.093505859375 0.5906316637992859
0 3804.333740234375 2168.91357421875 3893.323974609375 2246.86181640625 0.5810309648513794
0 3734.943359375 2182.21044921875 3823.441162109375 2286.998291015625 0.570764422416687
0 3344.281494140625 853.3443603515625 3405.982421875 968.63623046875 0.5357475280761719
0 1661.2354736328125 1159.4886474609375 1742.02880859375 1228.0589599609375 0.5317792892456055
0 1587.236328125 1228.885498046875 1685.08642578125 1299.0582275390625 0.5201265811920166
0 3088.741943359375 844.5009765625 3173.399169921875 930.5354614257812 0.5010762810707092
0 3259.485107421875 824.1917114257812 3325.072265625 901.3838500976562 0.4652412235736847
0 3263.255126953125 814.0914306640625 3333.996826171875 911.0985107421875 0.45042359828948975
0 3220.387939453125 860.707763671875 3283.502197265625 968.81396484375 0.4439919590950012
0 3391.449951171875 960.2931518554688 3448.437744140625 1052.5191650390625 0.44189688563346863
0 3161.001708984375 892.7333984375 3212.776123046875 1000.0712280273438 0.42506811022758484
0 3167.385009765625 781.6402587890625 3227.01513671875 887.753173828125 0.3881712555885315
0 3217.388427734375 874.3958129882812 3295.54833984375 973.7105102539062 0.3880694508552551
0 3737.396484375 2174.52490234375 3853.6005859375 2278.419677734375 0.3339267075061798
0 2.6344966888427734 3457.89990234375 206.64405822753906 3468.0 0.32060864567756653
0 2835.6611328125 1471.0286865234375 2888.217529296875 1565.290283203125 0.2830200493335724
