0 2318.15576171875 1613.193603515625 2395.903564453125 1681.462890625 0.8052819967269897
0 1229.4404296875 3425.0537109375 1333.302734375 3483.26220703125 0.7980930805206299
0 881.1610107421875 1340.1778564453125 997.4700927734375 1420.946533203125 0.7901982069015503
0 2229.25048828125 1459.1878662109375 2313.278564453125 1528.6361083984375 0.7866749167442322
0 319.86566162109375 2108.280029296875 415.6918029785156 2214.67236328125 0.7754154801368713
0 422.2304382324219 1824.50439453125 523.0759887695312 1913.7469482421875 0.759537398815155
0 1761.259521484375 3454.51513671875 1852.7298583984375 3514.173828125 0.758257269859314
0 651.77587890625 2998.646728515625 726.283935546875 3119.892578125 0.7570750713348389
0 2279.975830078125 3078.66845703125 2406.478271484375 3156.273681640625 0.7523368000984192
0 1748.691650390625 2628.220703125 1850.305908203125 2725.998291015625 0.748120129108429
0 1354.446044921875 2299.900146484375 1460.6484375 2375.547607421875 0.7446051239967346
0 1269.98193359375 2584.130126953125 1332.2115478515625 2689.667236328125 0.7350631952285767
0 2837.408203125 2680.2685546875 2947.952880859375 2795.493896484375 0.7285189628601074
0 2787.921142578125 2942.509521484375 2859.9072265625 3080.6708984375 0.7282330989837646
0 836.4127197265625 3368.3095703125 927.2946166992188 3489.273193359375 0.727946400642395
0 1971.5977783203125 3511.3515625 2103.16259765625 3575.522705078125 0.7263869643211365
0 1705.82568359375 3241.843505859375 1792.47705078125 3357.12109375 0.7262850999832153
0 2599.88818359375 2621.69140625 2718.1806640625 2695.5400390625 0.7223612666130066
0 1623.652587890625 3079.931884765625 1733.7901611328125 3189.034912109375 0.7183392643928528
0 1133.7642822265625 3514.836669921875 1206.5185546875 3642.98095703125 0.7140593528747559
0 1705.64404296875 2449.46923828125 1806.04541015625 2556.17919921875 0.7122935652732849
0 2329.36474609375 1801.5753173828125 2425.89599609375 1904.4779052734375 0.7117947936058044
0 438.11322021484375 2377.711181640625 528.9312744140625 2483.91015625 0.7065595984458923
0 795.1322631835938 2969.050537109375 901.9618530273438 3066.88232421875 0.7057411670684814
0 2445.275634765625 2935.281494140625 2515.13427734375 3012.673583984375 0.7041488289833069
0 2827.9482421875 2397.19287109375 2931.771728515625 2480.007080078125 0.7039089202880859
0 1776.97998046875 1132.1376953125 1861.1322021484375 1266.394287109375 0.7034445405006409
0 2886.984130859375 2494.395751953125 3000.298828125 2588.46728515625 0.6954654455184937
0 2408.671142578125 3249.958251953125 2520.61962890625 3335.021240234375 0.6951040625572205
0 2542.655029296875 3144.04833984375 2617.53662109375 3261.255615234375 0.6902903318405151
0 2914.977294921875 2587.392578125 3001.11962890625 2671.811279296875 0.6892859935760498
0 960.120849609375 3433.72998046875 1039.3841552734375 3566.669921875 0.680412232875824
0 2707.97509765625 2885.06884765625 2812.23779296875 2968.8134765625 0.678415060043335
0 2656.816650390625 3128.68017578125 2730.07421875 3251.164306640625 0.6769323348999023
0 2003.363037109375 1761.5732421875 2130.384765625 1841.06298828125 0.676688015460968
0 2602.5283203125 2709.4853515625 2721.376708984375 2781.81591796875 0.6700711250305176
0 2069.588134765625 1845.543701171875 2145.57568359375 1948.8922119140625 0.668389081954956
0 2407.000244140625 3368.742431640625 2504.9638671875 3457.75244140625 0.668154776096344
0 2290.3974609375 3257.98388671875 2375.947998046875 3381.093994140625 0.6661218404769897
0 1657.63232421875 3549.356689453125 1776.26171875 3619.429443359375 0.6547689437866211
0 1912.9376220703125 3588.46533203125 1991.5201416015625 3715.693115234375 0.6183896064758301
0 2358.01611328125 1908.7413330078125 2431.70458984375 1994.6595458984375 0.6130788326263428
0 1676.386962890625 3687.474853515625 1773.748779296875 3757.04736328125 0.611365020275116
0 2601.022705078125 3215.303466796875 2668.39990234375 3292.8466796875 0.6097071170806885
0 1537.2962646484375 3636.55029296875 1638.1900634765625 3724.26708984375 0.5950002670288086
0 2463.204833984375 2549.68603515625 2531.117431640625 2648.003173828125 0.5596998333930969
0 926.3602905273438 2932.4755859375 993.5333862304688 3010.902099609375 0.5553470849990845
0 1472.898681640625 3619.853759765625 1537.8160400390625 3705.025634765625 0.5258256196975708
0 1763.79296875 3627.64990234375 1844.8984375 3732.857666015625 0.502737820148468
0 1826.4932861328125 3615.000244140625 1922.343017578125 3723.64697265625 0.5023520588874817
0 2513.68994140625 3275.890625 2650.790283203125 3337.35107421875 0.48848310112953186
