0 1206.4547119140625 2174.046630859375 1321.591552734375 2245.591064453125 0.7893887162208557
0 1951.70751953125 1229.3123779296875 2048.941650390625 1314.81396484375 0.7772008180618286
0 1847.3126220703125 3564.910400390625 1926.1934814453125 3654.939208984375 0.7713671326637268
0 526.4633178710938 1925.8001708984375 630.636474609375 2011.508056640625 0.7704041600227356
0 364.8472595214844 2644.24853515625 450.700927734375 2767.928466796875 0.7612609267234802
0 846.5315551757812 1412.949462890625 971.83837890625 1508.37646484375 0.744379460811615
0 774.571533203125 3511.1298828125 876.310302734375 3612.619384765625 0.7398570775985718
0 422.3310546875 2964.185302734375 540.1021118164062 3039.61328125 0.7342230081558228
0 2377.416259765625 3458.745849609375 2449.8056640625 3539.281982421875 0.7286986112594604
0 385.4764099121094 2827.881591796875 464.6136169433594 2975.278564453125 0.7268997430801392
0 2729.764404296875 3268.698974609375 2870.29296875 3378.597412109375 0.7265568971633911
0 392.2648620605469 2226.271240234375 478.3889465332031 2348.459228515625 0.7167184948921204
0 2107.70654296875 2360.998779296875 2186.60791015625 2444.249267578125 0.7155641913414001
0 1638.0662841796875 3392.57080078125 1725.8525390625 3545.02099609375 0.7105473279953003
0 2388.499267578125 2292.329833984375 2515.611328125 2371.966552734375 0.6953306198120117
0 2481.2431640625 3506.99169921875 2566.965576171875 3602.248779296875 0.695213794708252
0 2937.807373046875 2162.40869140625 3072.88037109375 2278.098876953125 0.6902478337287903
0 2199.52880859375 3753.623291015625 2313.743896484375 3848.210693359375 0.6894728541374207
0 2838.661376953125 2321.024169921875 2914.01806640625 2457.363037109375 0.6881750822067261
0 3229.82275390625 2663.97705078125 3321.637939453125 2804.84765625 0.6826491951942444
0 2371.140625 3269.90478515625 2455.810302734375 3405.10400390625 0.6789799928665161
0 1430.91748046875 3811.22412109375 1508.0098876953125 3957.99609375 0.6787235736846924
0 1738.662353515625 3904.362548828125 1881.00830078125 4006.158935546875 0.6785590052604675
0 959.7488403320312 3182.99072265625 1067.8553466796875 3333.63623046875 0.6748507022857666
0 3025.087158203125 2773.4287109375 3112.090576171875 2880.60205078125 0.6742285490036011
0 2013.653076171875 1617.7886962890625 2120.5322265625 1744.906982421875 0.6721142530441284
0 2000.2532958984375 3570.6240234375 2103.381591796875 3711.845947265625 0.6645107269287109
0 2281.778564453125 3792.3447265625 2427.544921875 3886.369873046875 0.6639874577522278
0 2859.85791015625 3415.52001953125 2963.225830078125 3555.74365234375 0.6608392000198364
0 1923.162841796875 1680.935791015625 2040.3892822265625 1811.14453125 0.6600401997566223
0 2614.03662109375 3579.72998046875 2765.02294921875 3658.3935546875 0.6566376090049744
0 1104.295654296875 3147.36669921875 1184.359619140625 3243.454833984375 0.6560253500938416
0 2489.95654296875 3118.984619140625 2617.3408203125 3242.812744140625 0.6497181057929993
0 1016.1373291015625 3334.458251953125 1142.3326416015625 3423.75244140625 0.6158092021942139
0 3119.001220703125 2713.754150390625 3200.969482421875 2824.58837890625 0.6102773547172546
0 944.219482421875 3609.297119140625 1030.98974609375 3748.592041015625 0.5809463262557983
0 3190.8857421875 2768.614013671875 3282.670654296875 2906.125732421875 0.5715396404266357
0 1180.553955078125 3766.30859375 1277.108642578125 3903.16162109375 0.559914231300354
0 1080.7734375 3461.235107421875 1155.472412109375 3566.271240234375 0.558440625667572
0 1170.1451416015625 3650.42919921875 1242.150634765625 3750.2978515625 0.554901659488678
0 1343.5931396484375 3785.261474609375 1419.131103515625 3928.3701171875 0.5488319993019104
0 1143.6378173828125 3558.80224609375 1250.6531982421875 3632.714599609375 0.5377241373062134
0 3165.64306640625 2871.611083984375 3262.77978515625 2996.15283203125 0.5253848433494568
0 1080.990478515625 3575.6796875 1162.8155517578125 3696.65185546875 0.5182696580886841
0 2984.367431640625 2916.435791015625 3084.380126953125 2991.1669921875 0.5166094899177551
0 1277.32080078125 3755.210693359375 1346.9486083984375 3891.41455078125 0.5148608088493347
0 3097.40771484375 3008.7568359375 3234.635986328125 3080.1982421875 0.4916858971118927
0 1039.9117431640625 3669.486083984375 1115.090576171875 3799.011962890625 0.4834701716899872
0 3091.770263671875 2929.600341796875 3201.15478515625 3005.83251953125 0.4727666974067688
0 3174.242431640625 2850.6943359375 3284.76220703125 2924.572021484375 0.4044821560382843
0 3202.345703125 2784.34619140625 3299.0478515625 2911.4521484375 0.38033023476600647
0 3019.326171875 2977.848388671875 3115.77783203125 3061.04296875 0.3194897770881653
0 2234.281494140625 3772.538330078125 2409.772216796875 3855.690185546875 0.3026108145713806
0 3160.857177734375 2900.557861328125 3250.947998046875 3001.864990234375 0.2871061861515045
