0 1376.4576416015625 1555.0584716796875 1492.8358154296875 1621.7281494140625 0.8176541924476624
0 1879.0087890625 734.9371337890625 1957.1654052734375 863.9252319335938 0.7637381553649902
0 2507.3623046875 2774.90087890625 2642.007568359375 2850.287841796875 0.7622272372245789
0 3270.55224609375 1186.2979736328125 3345.940673828125 1264.105712890625 0.7606676816940308
0 2824.9453125 2520.661865234375 2900.250244140625 2591.192138671875 0.7602859735488892
0 3174.3828125 2077.952880859375 3284.661376953125 2159.43701171875 0.7538256049156189
0 3296.687744140625 954.3524780273438 3406.03369140625 1025.4154052734375 0.7536405324935913
0 3368.585693359375 2190.011474609375 3490.18310546875 2255.654541015625 0.7494441866874695
0 3593.470947265625 875.9697265625 3687.431884765625 966.3344116210938 0.7488409280776978
0 2788.159423828125 2818.917724609375 2896.59912109375 2890.18994140625 0.7488252520561218
0 1355.047119140625 1285.6917724609375 1470.7646484375 1389.069580078125 0.7467865943908691
0 3221.253173828125 2351.875732421875 3337.525634765625 2428.923583984375 0.741585910320282
0 1722.90380859375 1659.349365234375 1798.577880859375 1739.826171875 0.7397478222846985
0 2929.6171875 1274.32470703125 3000.010986328125 1363.2645263671875 0.7307618260383606
0 2182.557861328125 765.7510375976562 2286.036865234375 875.0736083984375 0.7296568155288696
0 2662.886962890625 330.1369934082031 2767.95654296875 449.6670837402344 0.729160487651825
0 3282.37744140625 1458.611083984375 3355.8974609375 1558.2095947265625 0.72629314661026
0 1571.95703125 762.6343994140625 1667.810302734375 881.5576171875 0.7259010076522827
0 3063.307861328125 1178.5167236328125 3171.541015625 1272.6749267578125 0.7244976758956909
0 2640.847412109375 2647.537841796875 2720.547119140625 2711.4462890625 0.7232158184051514
0 3438.2314453125 2339.38232421875 3531.08251953125 2454.057373046875 0.7210526466369629
0 3442.69775390625 732.3125610351562 3542.251708984375 849.3482055664062 0.7176798582077026
0 3271.125732421875 2494.670166015625 3375.023193359375 2602.400634765625 0.7168887853622437
0 1741.20068359375 535.953857421875 1857.149169921875 644.2688598632812 0.7105430364608765
0 1457.1175537109375 895.4840698242188 1553.7999267578125 975.8893432617188 0.7098317742347717
0 2776.051513671875 2003.9334716796875 2864.366455078125 2093.181396484375 0.7097539901733398
0 2721.1513671875 2607.414306640625 2805.572021484375 2671.2060546875 0.7075614333152771
0 3669.416015625 1367.462890625 3754.39013671875 1495.9715576171875 0.6986965537071228
0 1439.119384765625 986.0442504882812 1561.3045654296875 1070.3756103515625 0.6976060271263123
0 1894.9654541015625 1016.122802734375 1983.3673095703125 1123.16162109375 0.6938461661338806
0 1930.0458984375 1125.6922607421875 2008.0018310546875 1203.064697265625 0.6904621720314026
0 1355.988037109375 896.58935546875 1455.54541015625 987.5014038085938 0.6844192743301392
0 3237.4072265625 761.0593872070312 3357.138916015625 841.4569091796875 0.6801613569259644
0 2752.250244140625 2676.564453125 2851.174072265625 2750.76318359375 0.6790693998336792
0 3760.416015625 1750.6287841796875 3832.70263671875 1886.5177001953125 0.6742124557495117
0 3294.012939453125 844.1519165039062 3380.053955078125 923.9638061523438 0.6735963821411133
0 2835.807373046875 2152.880126953125 2906.576416015625 2227.43798828125 0.6683764457702637
0 3637.576171875 980.2684936523438 3716.06982421875 1112.887939453125 0.6668161749839783
0 2620.400146484375 1178.75634765625 2714.784423828125 1290.8231201171875 0.6610210537910461
0 3160.63134765625 1400.4805908203125 3230.15283203125 1512.7255859375 0.6478537917137146
0 3613.6669921875 1942.284423828125 3688.72802734375 2073.46826171875 0.6392766237258911
0 2504.9951171875 1226.8970947265625 2610.072265625 1332.194580078125 0.6324047446250916
0 3017.249755859375 2570.615966796875 3083.814208984375 2631.87890625 0.6285603642463684
0 3152.270263671875 469.2506103515625 3229.7880859375 602.0068359375 0.6258784532546997
0 3569.345947265625 999.4365844726562 3643.081787109375 1103.085205078125 0.6248636841773987
0 1946.52294921875 455.1658630371094 2020.196044921875 584.2586059570312 0.6151169538497925
0 3492.038330078125 2409.1611328125 3604.14013671875 2522.983154296875 0.6081794500350952
0 3696.386962890625 1914.849365234375 3781.57421875 2017.131103515625 0.5987011790275574
0 3707.748046875 1078.984130859375 3772.205810546875 1192.3251953125 0.5939944982528687
0 2906.37939453125 429.3261413574219 2960.768798828125 532.1929321289062 0.5874890685081482
0 3393.343994140625 2482.543212890625 3508.2060546875 2546.009521484375 0.5846830606460571
0 3685.632080078125 1505.2958984375 3785.332763671875 1594.5599365234375 0.5520391464233398
0 1877.9149169921875 460.187744140625 1941.2652587890625 594.9283447265625 0.5463998317718506
0 2926.874755859375 391.2337951660156 3092.031494140625 470.09716796875 0.5138088464736938
0 3070.568115234375 427.783203125 3153.48486328125 587.581787109375 0.5050716996192932
0 3724.80126953125 1583.5013427734375 3788.265380859375 1670.0799560546875 0.4426794946193695
0 3812.82666015625 1588.53369140625 3885.7412109375 1696.9835205078125 0.35756030678749084
0 3076.177734375 470.1064758300781 3150.263671875 611.805908203125 0.27695247530937195
