0 1675.21826171875 2989.10009765625 1749.4459228515625 3073.314208984375 0.79555743932724
0 1194.6397705078125 3420.490966796875 1290.8560791015625 3496.994873046875 0.7869084477424622
0 2601.638671875 3370.943115234375 2711.695556640625 3467.93505859375 0.7679869532585144
0 2521.1220703125 1869.437744140625 2644.804443359375 1946.99072265625 0.764177143573761
0 1607.0760498046875 1357.5758056640625 1743.9833984375 1452.4805908203125 0.7637174129486084
0 1931.5498046875 1754.786376953125 2070.0390625 1848.8447265625 0.7529531121253967
0 2608.89013671875 2282.700439453125 2693.36083984375 2369.161376953125 0.7514046430587769
0 2446.734619140625 3373.212890625 2542.9365234375 3463.318603515625 0.7456621527671814
0 1804.86669921875 3141.27685546875 1890.4501953125 3267.693359375 0.7424017190933228
0 150.79188537597656 2441.3798828125 228.38272094726562 2562.53125 0.7406325340270996
0 803.9523315429688 3267.880126953125 924.2703247070312 3356.31884765625 0.7383970022201538
0 648.9938354492188 3170.472900390625 761.22265625 3245.66162109375 0.736724853515625
0 809.7716674804688 2237.551513671875 951.9606323242188 2321.704345703125 0.7361704707145691
0 1658.88818359375 2631.137451171875 1792.10693359375 2734.04638671875 0.7322893142700195
0 2906.987548828125 2613.16162109375 3016.667236328125 2685.444580078125 0.7319684028625488
0 454.89373779296875 3355.93359375 540.9668579101562 3501.974365234375 0.725108802318573
0 416.0513610839844 1779.5245361328125 548.7935180664062 1898.4569091796875 0.7236599326133728
0 1507.37353515625 3196.609619140625 1618.7923583984375 3299.177734375 0.7210137248039246
0 531.1664428710938 2107.021728515625 670.068115234375 2192.645751953125 0.7206440567970276
0 1066.372802734375 3146.192626953125 1166.422119140625 3241.216064453125 0.7204298973083496
0 1368.0765380859375 3473.496337890625 1493.1201171875 3554.640869140625 0.7198110222816467
0 2322.155517578125 1387.274658203125 2464.258056640625 1487.9918212890625 0.7164348363876343
0 736.1553344726562 3363.27001953125 854.4703979492188 3447.509765625 0.715651273727417
0 296.831787109375 2032.2476806640625 442.4780578613281 2109.100341796875 0.7148498296737671
0 1358.0057373046875 3718.481689453125 1462.369873046875 3840.0634765625 0.7147870063781738
0 905.01611328125 3705.8056640625 1012.1175537109375 3804.9248046875 0.7137774229049683
0 2379.019775390625 3753.50390625 2476.09521484375 3838.797119140625 0.71262127161026
0 2768.954345703125 2861.136962890625 2899.217529296875 2952.394287109375 0.7125594019889832
0 2067.30712890625 3750.34912109375 2171.57861328125 3866.65869140625 0.7102404832839966
0 1691.7052001953125 1761.2274169921875 1781.6466064453125 1849.0377197265625 0.6968585848808289
0 252.0406036376953 1920.927978515625 333.7534484863281 2036.9573974609375 0.6952762603759766
0 770.420166015625 3702.044921875 843.0430297851562 3809.072265625 0.686271071434021
0 2127.28369140625 1192.465087890625 2274.18212890625 1269.460693359375 0.6834852695465088
0 2980.5888671875 2391.78466796875 3074.03173828125 2520.5947265625 0.6832460761070251
0 204.93687438964844 2140.884033203125 292.18096923828125 2288.502197265625 0.6824639439582825
0 340.8955383300781 1689.7454833984375 467.21258544921875 1778.933349609375 0.6713389754295349
0 517.7545166015625 3240.60400390625 620.0933837890625 3370.59130859375 0.6709535121917725
0 2359.83203125 3422.98779296875 2450.5888671875 3556.909912109375 0.6707037091255188
0 859.3297729492188 1800.10888671875 979.19580078125 1927.362060546875 0.6697483658790588
0 1964.8934326171875 3866.206787109375 2055.910888671875 4005.488525390625 0.6676417589187622
0 355.4824523925781 2426.816650390625 477.07745361328125 2563.86669921875 0.6607757806777954
0 2455.33154296875 2123.50927734375 2557.26220703125 2261.328857421875 0.6598812937736511
0 1554.564453125 3966.943115234375 1700.4998779296875 4064.90380859375 0.6557217240333557
0 2180.06591796875 3809.352783203125 2278.212646484375 3941.726806640625 0.6528989672660828
0 527.6978149414062 3095.809814453125 659.5588989257812 3213.5908203125 0.6514160633087158
0 1596.1522216796875 3854.692138671875 1733.996337890625 3944.8056640625 0.6450669169425964
0 2285.50244140625 3761.657470703125 2372.495361328125 3907.1015625 0.6371913552284241
0 2576.048828125 2111.875 2680.204345703125 2213.96533203125 0.625771164894104
0 2640.164794921875 2090.97509765625 2709.565673828125 2156.012939453125 0.6171801090240479
0 2054.453369140625 3876.93212890625 2165.991455078125 3996.285888671875 0.601054847240448
0 1718.7862548828125 3745.288330078125 1821.6942138671875 3885.3701171875 0.5913730263710022
0 1722.3453369140625 3799.17431640625 1815.25146484375 3891.699462890625 0.5893917083740234
0 1438.804931640625 3141.5869140625 1492.6767578125 3203.241455078125 0.3974810242652893
