0 2424.999755859375 2424.00927734375 2513.41357421875 2503.425048828125 0.7848727703094482
0 1474.2545166015625 1584.1392822265625 1554.7271728515625 1698.122802734375 0.7751043438911438
0 2570.310546875 1309.6361083984375 2698.2021484375 1403.96484375 0.7677552103996277
0 3398.073486328125 2301.06591796875 3526.884521484375 2402.116455078125 0.7526281476020813
0 2914.136474609375 469.7444152832031 3034.090087890625 561.0445556640625 0.7521690726280212
0 1057.358642578125 1839.236328125 1163.8974609375 1942.014404296875 0.750284731388092
0 2860.39111328125 2566.74755859375 2929.05224609375 2634.564453125 0.750191867351532
0 1624.263671875 832.849365234375 1754.9002685546875 920.869140625 0.7499536275863647
0 2386.984130859375 2526.527099609375 2508.14599609375 2594.4033203125 0.7496097683906555
0 1504.2684326171875 639.2290649414062 1622.3778076171875 751.3689575195312 0.7477915287017822
0 3151.15087890625 2196.065673828125 3271.492431640625 2259.804931640625 0.7475922703742981
0 3587.17578125 1392.374267578125 3700.203369140625 1464.7989501953125 0.7455042600631714
0 2957.96484375 1380.297607421875 3082.978759765625 1469.7579345703125 0.7428118586540222
0 3588.65966796875 1265.254638671875 3689.0703125 1338.8673095703125 0.7412869930267334
0 1869.763671875 1910.2374267578125 1940.4173583984375 1986.841552734375 0.7407829165458679
0 3252.6005859375 856.1840209960938 3369.778076171875 964.9573364257812 0.7402135729789734
0 3484.3134765625 1057.8292236328125 3564.74951171875 1190.5992431640625 0.7343563437461853
0 3271.908935546875 2393.4833984375 3381.388916015625 2473.90673828125 0.7338845729827881
0 2416.92236328125 266.85748291015625 2528.23388671875 382.2569274902344 0.7270455360412598
0 1242.176513671875 964.219482421875 1330.0540771484375 1086.23876953125 0.726277232170105
0 2906.989501953125 1892.5174560546875 3042.34814453125 1973.0692138671875 0.72381192445755
0 1810.910400390625 348.7298278808594 1915.1861572265625 467.7077941894531 0.7175065279006958
0 1063.226806640625 1169.962646484375 1142.2938232421875 1281.2960205078125 0.7134082317352295
0 2960.818115234375 2430.023193359375 3058.80419921875 2525.489013671875 0.7084473967552185
0 3120.320068359375 512.7584838867188 3210.882568359375 635.1546630859375 0.7067934274673462
0 3005.341796875 2607.9150390625 3121.777099609375 2670.04345703125 0.7064838409423828
0 2590.845947265625 361.33758544921875 2716.052978515625 471.0702819824219 0.705434262752533
0 2688.39990234375 306.3873596191406 2813.26123046875 422.8238220214844 0.7004987001419067
0 1627.3790283203125 2100.864501953125 1702.5511474609375 2180.94287109375 0.6951599717140198
0 2961.166259765625 1822.3326416015625 3067.284912109375 1910.2540283203125 0.6950116753578186
0 3188.5908203125 1784.978271484375 3283.77880859375 1891.127197265625 0.6896418929100037
0 3152.081298828125 1288.0306396484375 3223.857177734375 1390.0999755859375 0.6896138787269592
0 2262.333740234375 281.6252136230469 2392.853759765625 355.5938720703125 0.6877950429916382
0 2608.92041015625 2614.853759765625 2681.71923828125 2681.814208984375 0.6871398091316223
0 1608.9019775390625 583.85205078125 1739.5806884765625 688.6253051757812 0.6868159770965576
0 1723.438232421875 2050.982666015625 1793.130859375 2129.895751953125 0.6859457492828369
0 3102.552734375 641.8798828125 3176.463623046875 728.3031005859375 0.6820999979972839
0 2599.43359375 2464.2822265625 2720.82421875 2529.35595703125 0.6777055263519287
0 3405.6328125 2151.93505859375 3496.775146484375 2235.0498046875 0.6692320704460144
0 3369.782958984375 1154.8751220703125 3468.47412109375 1281.13134765625 0.6611188054084778
0 3565.36474609375 1700.0474853515625 3637.282958984375 1799.1767578125 0.6558698415756226
0 3633.17041015625 1683.5411376953125 3741.212158203125 1810.9483642578125 0.6501669883728027
0 3257.780029296875 1412.1551513671875 3327.851318359375 1544.522216796875 0.6479477882385254
0 2885.187255859375 2777.320068359375 2998.372314453125 2880.6650390625 0.6440503597259521
0 2715.876220703125 2472.43359375 2781.797607421875 2555.756591796875 0.642813503742218
0 3517.793212890625 1912.388671875 3611.725341796875 1991.7818603515625 0.6387738585472107
0 3576.0009765625 1815.732421875 3689.004638671875 1907.1900634765625 0.6379627585411072
0 2972.83837890625 2718.336181640625 3050.976318359375 2847.64208984375 0.6288790106773376
0 3489.101318359375 1368.0638427734375 3574.61474609375 1470.81787109375 0.6268731355667114
0 2874.517333984375 2673.739990234375 2998.2197265625 2753.6552734375 0.615229070186615
0 3497.058837890625 2023.088623046875 3621.582763671875 2084.7978515625 0.5938505530357361
0 3499.825927734375 2082.24462890625 3621.56298828125 2157.08984375 0.5936194658279419
0 3233.405517578125 601.4642944335938 3320.63037109375 727.1300048828125 0.5756295919418335
0 3507.096435546875 2151.707763671875 3634.2734375 2244.8515625 0.5754406452178955
0 2608.36474609375 2538.095947265625 2677.051513671875 2608.1220703125 0.5325415730476379
0 3621.049072265625 1909.888916015625 3690.14306640625 2007.260986328125 0.5316170454025269
0 3179.74853515625 631.6788940429688 3243.3125 753.574462890625 0.38493987917900085
0 2690.1123046875 440.1535339355469 2786.38134765625 490.9301452636719 0.3837369680404663
0 3161.913330078125 627.2855834960938 3246.5771484375 747.1637573242188 0.25079381465911865
