0 2822.13623046875 2333.740234375 2901.568115234375 2445.332763671875 0.79241544008255
0 345.0948181152344 1882.78564453125 464.0592346191406 1969.643310546875 0.7819272875785828
0 2032.0108642578125 3309.894287109375 2117.6630859375 3399.1435546875 0.778946042060852
0 1580.727294921875 3345.953369140625 1655.17236328125 3467.510986328125 0.7720792889595032
0 1001.6238403320312 1212.7779541015625 1086.3831787109375 1306.8543701171875 0.7553699016571045
0 1126.58154296875 2403.435546875 1187.079345703125 2526.8974609375 0.7437257766723633
0 2755.49853515625 3025.39990234375 2906.10888671875 3104.672607421875 0.7430000901222229
0 2473.191650390625 2970.248046875 2578.2197265625 3073.10400390625 0.741085410118103
0 1523.472412109375 3443.65234375 1646.207763671875 3552.032958984375 0.7337465882301331
0 3061.1015625 2634.701416015625 3201.771728515625 2724.615966796875 0.7311326861381531
0 766.5015258789062 2999.5068359375 850.0379028320312 3083.06982421875 0.731115460395813
0 2203.470458984375 2790.862548828125 2343.258056640625 2869.8994140625 0.730931282043457
0 2139.91796875 3396.46826171875 2213.51416015625 3477.334716796875 0.7281991243362427
0 1505.994873046875 2826.390380859375 1582.489501953125 2913.611083984375 0.7220601439476013
0 1478.3232421875 1030.7420654296875 1613.7623291015625 1139.5716552734375 0.7195631265640259
0 2361.40869140625 2474.882568359375 2444.13916015625 2597.16552734375 0.7142395973205566
0 2964.270751953125 2877.596435546875 3092.46435546875 2990.242919921875 0.7120876312255859
0 1826.904541015625 3040.88037109375 1972.9677734375 3150.161376953125 0.7106326818466187
0 2686.532958984375 3300.9755859375 2765.616455078125 3437.83837890625 0.709578275680542
0 2929.609375 1578.615234375 3042.44189453125 1680.7254638671875 0.7083016037940979
0 1279.741943359375 2795.2802734375 1348.6605224609375 2868.981689453125 0.7081629633903503
0 970.2481689453125 3293.434814453125 1056.44091796875 3428.77783203125 0.7052680850028992
0 3132.73486328125 2310.000732421875 3238.620849609375 2450.25830078125 0.6921098232269287
0 294.7438049316406 2173.86669921875 380.4522705078125 2303.70849609375 0.6919407844543457
0 2766.6787109375 2442.51171875 2885.561767578125 2540.82275390625 0.6911676526069641
0 1739.5076904296875 2339.138671875 1810.69580078125 2459.74658203125 0.6904033422470093
0 3112.12158203125 2103.309326171875 3187.59521484375 2208.5771484375 0.6893656253814697
0 1197.928955078125 3606.9091796875 1286.9940185546875 3713.33544921875 0.6866528987884521
0 1725.041748046875 3696.710205078125 1863.8492431640625 3797.66748046875 0.6830275058746338
0 1496.92333984375 3553.69775390625 1641.05859375 3644.746826171875 0.6794400215148926
0 2515.682861328125 3461.621826171875 2607.588134765625 3538.215087890625 0.6783955693244934
0 1768.592041015625 2486.22265625 1869.861572265625 2614.200439453125 0.6739164590835571
0 1372.25 3576.385009765625 1479.424072265625 3652.018798828125 0.6581708788871765
0 293.4129638671875 2301.36865234375 386.9609680175781 2435.9482421875 0.6559118032455444
0 2147.096923828125 3628.310302734375 2279.83154296875 3717.421875 0.6556359529495239
0 3129.42333984375 2168.780517578125 3233.56640625 2291.661376953125 0.6525654196739197
0 2597.28173828125 3210.3046875 2679.2890625 3362.671630859375 0.6398136615753174
0 1287.2520751953125 3486.9755859375 1422.154052734375 3576.408935546875 0.636062741279602
0 2237.501708984375 3537.49755859375 2312.5908203125 3663.47802734375 0.63349449634552
0 2297.711181640625 3539.365234375 2397.515625 3652.803466796875 0.6300455927848816
0 1358.41064453125 3676.3408203125 1504.898193359375 3756.3330078125 0.6011155843734741
0 1248.2757568359375 3630.54248046875 1396.9425048828125 3720.96142578125 0.589574933052063
0 750.31787109375 3258.28515625 846.8453369140625 3392.337158203125 0.5825508236885071
0 680.9942016601562 3212.0078125 760.13525390625 3313.013916015625 0.5459598898887634
0 2526.521728515625 3336.238037109375 2610.777587890625 3462.42919921875 0.5406439900398254
0 848.8036499023438 3310.339111328125 934.01220703125 3378.78759765625 0.5020100474357605
0 2616.665771484375 3364.976318359375 2694.86083984375 3492.158203125 0.4988589286804199
0 850.1226806640625 3371.588623046875 940.392822265625 3481.1533203125 0.4776313006877899
0 2515.5810546875 3441.48193359375 2617.495849609375 3534.1328125 0.44105786085128784
0 758.7363891601562 3183.357666015625 845.4762573242188 3268.064453125 0.41866323351860046
0 755.3989868164062 3224.971923828125 846.2343139648438 3326.82958984375 0.2912203371524811
0 2262.291015625 3539.7158203125 2394.692138671875 3661.413330078125 0.26506930589675903
