0 666.889892578125 1922.1217041015625 768.4906005859375 1982.2119140625 0.7832773923873901
0 569.5750732421875 2225.216552734375 636.1314086914062 2324.8525390625 0.7665225863456726
0 1436.534423828125 3421.929443359375 1552.93212890625 3498.27587890625 0.7642567753791809
0 1485.4542236328125 2925.250732421875 1561.6451416015625 3026.9462890625 0.7641464471817017
0 907.9129638671875 2453.29052734375 1023.2052001953125 2514.284423828125 0.7559099793434143
0 1544.5057373046875 1518.826416015625 1641.57080078125 1593.0943603515625 0.7511275410652161
0 1586.4068603515625 1621.2088623046875 1681.910888671875 1714.547607421875 0.750319242477417
0 2104.116943359375 2789.159423828125 2160.53466796875 2878.733154296875 0.7474609017372131
0 2339.3876953125 2640.270751953125 2399.6318359375 2706.734375 0.7390173673629761
0 2803.360595703125 2520.4951171875 2896.847412109375 2585.027587890625 0.7381894588470459
0 689.9028930664062 2876.974853515625 799.7168579101562 2974.212646484375 0.7375301718711853
0 2289.404296875 1993.07763671875 2378.72607421875 2068.585693359375 0.7365936636924744
0 2155.271240234375 2413.327392578125 2217.340087890625 2477.02978515625 0.732458233833313
0 1913.3936767578125 2127.0751953125 2000.9791259765625 2223.768310546875 0.7315321564674377
0 2737.460205078125 1924.5460205078125 2843.003662109375 2012.3922119140625 0.7262560129165649
0 1311.418701171875 3056.892333984375 1394.0286865234375 3135.25732421875 0.7262422442436218
0 2734.698486328125 2890.3505859375 2795.04638671875 2991.26123046875 0.7246555089950562
0 1612.888427734375 3322.455078125 1712.44384765625 3385.86572265625 0.7239691019058228
0 2512.451416015625 3177.53173828125 2581.29345703125 3262.94189453125 0.7184217572212219
0 1032.9078369140625 3321.932373046875 1116.2685546875 3427.15966796875 0.7175959944725037
0 2559.56201171875 2633.98583984375 2629.019775390625 2719.0576171875 0.707436203956604
0 1442.622314453125 3210.35888671875 1518.2713623046875 3303.565673828125 0.7042555809020996
0 1769.72607421875 3140.869873046875 1826.99609375 3206.318115234375 0.7037371397018433
0 2630.534423828125 2887.4970703125 2703.69091796875 2988.45166015625 0.6965391635894775
0 623.5185546875 2508.26171875 706.7025756835938 2571.6103515625 0.6855289936065674
0 2626.41650390625 2784.46484375 2738.606201171875 2835.314208984375 0.674869954586029
0 2296.402587890625 3369.86279296875 2374.452392578125 3427.52587890625 0.6690470576286316
0 2762.812255859375 2661.0634765625 2831.163818359375 2750.950439453125 0.6567195057868958
0 2663.962890625 2585.456787109375 2730.103515625 2696.5537109375 0.643761932849884
0 2496.6064453125 2786.69921875 2563.164794921875 2913.33984375 0.6425666213035583
0 2724.0703125 2161.35693359375 2815.140380859375 2246.32275390625 0.637238621711731
0 2108.25 3420.75537109375 2233.120849609375 3485.297607421875 0.6229881644248962
0 2236.95361328125 3414.322998046875 2314.998291015625 3516.00439453125 0.620406985282898
0 2450.107666015625 2040.427001953125 2505.09814453125 2135.843505859375 0.6196610331535339
0 2251.49853515625 3012.0361328125 2314.39794921875 3120.6171875 0.61925208568573
0 1107.81298828125 3304.780029296875 1169.2801513671875 3387.466796875 0.617705762386322
0 2391.729248046875 2732.350830078125 2453.198974609375 2836.8203125 0.6047301292419434
0 592.5009155273438 2150.616455078125 655.4007568359375 2225.926025390625 0.6032993793487549
0 2733.060546875 2024.713623046875 2838.899658203125 2108.337158203125 0.5998806953430176
0 2107.468994140625 3345.76708984375 2218.231689453125 3406.158447265625 0.5984377861022949
0 2771.70361328125 2033.16357421875 2865.10302734375 2130.91796875 0.5877254009246826
0 2786.427734375 2217.761474609375 2901.134521484375 2312.83642578125 0.5849553346633911
0 2455.924560546875 3230.939208984375 2527.382080078125 3308.1826171875 0.5833702683448792
0 2341.814697265625 3024.6357421875 2411.399169921875 3129.492919921875 0.578532338142395
0 2011.6243896484375 3484.082275390625 2122.596923828125 3543.5185546875 0.5745009183883667
0 2739.47900390625 2025.558349609375 2859.185546875 2121.911376953125 0.5495418906211853
0 2395.312255859375 3232.5966796875 2465.760986328125 3304.1142578125 0.5340785384178162
0 2815.171630859375 2118.3115234375 2888.1376953125 2216.3330078125 0.5294287800788879
0 2784.39501953125 2227.75390625 2878.773681640625 2317.719970703125 0.4463207721710205
0 2621.2578125 2693.952392578125 2686.184814453125 2760.105712890625 0.4401099383831024
0 2125.0615234375 3489.408447265625 2238.596923828125 3550.9873046875 0.41487187147140503
0 2830.2626953125 2217.623779296875 2904.686279296875 2314.0224609375 0.3867776691913605
0 2436.19091796875 3233.972900390625 2530.06591796875 3300.1259765625 0.2968669831752777
