0 2074.90087890625 2415.360595703125 2156.8203125 2516.99169921875 0.7572522759437561
0 2440.91943359375 1775.344482421875 2587.57421875 1851.2401123046875 0.7450509667396545
0 1890.8192138671875 3748.172607421875 1966.3275146484375 3869.40869140625 0.741556704044342
0 1223.194091796875 3128.235595703125 1306.3790283203125 3220.149658203125 0.7400602698326111
0 2649.2138671875 1671.6719970703125 2743.430908203125 1757.8160400390625 0.7375959753990173
0 2622.031494140625 3369.43310546875 2772.06591796875 3472.183349609375 0.7352067232131958
0 1613.220458984375 2313.34228515625 1743.3082275390625 2411.453369140625 0.7342369556427002
0 161.54344177246094 2137.501220703125 284.65771484375 2229.7919921875 0.7313219308853149
0 1818.9593505859375 2880.5302734375 1937.1396484375 2965.670166015625 0.7299208045005798
0 2590.746337890625 2205.094970703125 2672.96875 2333.9287109375 0.7284813523292542
0 2925.1748046875 2289.586669921875 3056.91650390625 2392.198486328125 0.7272285223007202
0 2009.4443359375 3683.25341796875 2113.833984375 3775.35400390625 0.7267864942550659
0 2168.923583984375 3754.33544921875 2263.401611328125 3896.03369140625 0.7261807918548584
0 2035.4588623046875 2621.921875 2178.18017578125 2720.357177734375 0.7216089963912964
0 312.7237548828125 1772.53662109375 420.2050476074219 1874.22998046875 0.719822347164154
0 2898.146240234375 3213.101806640625 2991.032470703125 3339.02490234375 0.7188287973403931
0 1311.52197265625 2596.802490234375 1379.4708251953125 2732.59521484375 0.7138857841491699
0 978.8342895507812 3385.440185546875 1112.3616943359375 3474.64501953125 0.7122505307197571
0 2275.71728515625 2501.466064453125 2426.46728515625 2582.587646484375 0.7116944193840027
0 1470.8182373046875 3783.382568359375 1580.374755859375 3855.744140625 0.7089895009994507
0 132.2209930419922 2324.629638671875 253.85128784179688 2465.352783203125 0.707805335521698
0 1726.80322265625 3875.201416015625 1875.139404296875 3957.9912109375 0.7075892090797424
0 2022.89306640625 3343.166259765625 2175.914306640625 3425.87060546875 0.6997103095054626
0 181.25308227539062 2622.6650390625 281.8074035644531 2764.021728515625 0.6969149112701416
0 2531.37060546875 3570.6533203125 2625.35791015625 3715.39453125 0.6959144473075867
0 2316.685302734375 3622.316650390625 2434.172607421875 3707.27587890625 0.694588303565979
0 2269.914794921875 1055.3546142578125 2368.491455078125 1201.776611328125 0.6903209686279297
0 1410.251220703125 3876.856689453125 1527.299072265625 3941.2353515625 0.689376950263977
0 1908.5704345703125 3351.238037109375 1993.6864013671875 3440.1083984375 0.687177836894989
0 571.0298461914062 2520.764892578125 656.0585327148438 2665.319091796875 0.6852978467941284
0 256.92449951171875 2924.58935546875 359.07147216796875 3030.745361328125 0.6810950636863708
0 341.4280700683594 2823.92431640625 422.20123291015625 2963.3076171875 0.6801596879959106
0 604.9044799804688 3349.82177734375 747.084228515625 3443.642578125 0.679142951965332
0 165.9981231689453 2261.3369140625 318.72686767578125 2343.706787109375 0.6755108833312988
0 397.1364440917969 2195.461669921875 507.8758850097656 2301.412353515625 0.6753495335578918
0 1212.1385498046875 1807.8438720703125 1353.1697998046875 1911.5367431640625 0.6746924519538879
0 2628.965576171875 3516.938232421875 2721.72265625 3637.97802734375 0.6716300845146179
0 1245.906005859375 3431.18994140625 1336.2259521484375 3544.384033203125 0.6686851978302002
0 2586.581787109375 2474.064453125 2663.921630859375 2557.3720703125 0.6667819023132324
0 1209.5382080078125 3639.685546875 1306.3443603515625 3726.81591796875 0.6610904932022095
0 2371.316650390625 1108.283203125 2486.40234375 1251.1641845703125 0.6583613157272339
0 1583.6485595703125 3866.69580078125 1728.9088134765625 3961.454833984375 0.6524531245231628
0 645.9967651367188 2216.349609375 796.9033203125 2288.118408203125 0.6415663361549377
0 1341.1104736328125 3427.12939453125 1424.2406005859375 3540.640869140625 0.6234662532806396
0 1010.2716064453125 3772.517578125 1158.452880859375 3843.539794921875 0.6047189235687256
0 1090.470703125 3666.636474609375 1228.0196533203125 3765.036865234375 0.6020113825798035
0 620.2589111328125 2303.798095703125 732.1412963867188 2388.46484375 0.5791051387786865
0 2221.521240234375 3607.586181640625 2323.85400390625 3677.59521484375 0.5032249689102173
0 608.9862670898438 2220.207275390625 796.04443359375 2313.21630859375 0.5020372867584229
0 2197.019775390625 3665.12548828125 2307.465087890625 3734.638427734375 0.5014181137084961
0 2199.72314453125 3635.85986328125 2310.473876953125 3731.58984375 0.4424590766429901
0 1221.6700439453125 2743.52734375 1283.1639404296875 2792.011962890625 0.431890606880188
0 2210.93212890625 3613.15185546875 2315.46337890625 3725.73486328125 0.2967616021633148
0 1185.00244140625 3757.636474609375 1300.994140625 3824.424072265625 0.2657812237739563
0 1164.869384765625 3767.74853515625 1298.2799072265625 3838.137451171875 0.26343244314193726
