0 1526.2879638671875 3211.826904296875 1634.52392578125 3323.5244140625 0.7305757999420166
0 1849.8201904296875 2987.733642578125 1985.873779296875 3085.73974609375 0.7139683961868286
0 1705.87158203125 3103.998291015625 1787.5965576171875 3224.964111328125 0.6892054677009583
0 1626.86083984375 3044.481689453125 1722.3232421875 3145.606201171875 0.6728317737579346
0 1321.01123046875 2830.226318359375 1450.94189453125 2903.42724609375 0.6687957644462585
0 1617.6485595703125 3186.181884765625 1752.874267578125 3288.347412109375 0.6638669967651367
0 1327.067626953125 2986.385986328125 1425.153076171875 3118.42138671875 0.6409041285514832
0 1432.861083984375 2956.401123046875 1531.9212646484375 3052.007568359375 0.6267784833908081
0 1244.4200439453125 2920.599853515625 1331.7135009765625 3051.231201171875 0.5706217885017395
0 1383.99658203125 2903.890869140625 1474.4180908203125 2979.4541015625 0.5614524483680725
