0 1840.8968505859375 2662.5283203125 1937.7315673828125 2755.82958984375 0.7434147596359253
0 1605.8929443359375 2552.42626953125 1730.7130126953125 2617.50634765625 0.7396025061607361
0 1178.4580078125 3096.36962890625 1284.5455322265625 3212.412841796875 0.728853702545166
0 768.6392822265625 2498.65087890625 872.5131225585938 2620.76611328125 0.7282114028930664
0 1791.855712890625 2854.61083984375 1891.348388671875 3002.912841796875 0.7241233587265015
0 1371.621826171875 2870.29736328125 1486.6002197265625 2940.12451171875 0.7164633274078369
0 2055.849853515625 2619.150634765625 2184.400390625 2732.4716796875 0.7160056829452515
0 1856.3585205078125 3105.721923828125 1939.2144775390625 3244.759521484375 0.7097373008728027
0 1938.393310546875 2407.017822265625 2022.412841796875 2528.72119140625 0.6855883598327637
0 1357.5623779296875 3307.74267578125 1481.262939453125 3420.271240234375 0.684487521648407
0 1773.6397705078125 2550.896728515625 1905.485107421875 2636.8837890625 0.6804530620574951
0 1539.4344482421875 2722.546875 1693.098388671875 2806.735107421875 0.6722914576530457
0 810.1087646484375 2916.00732421875 894.29150390625 3049.785400390625 0.6709272861480713
0 1835.0897216796875 2271.304443359375 1923.1619873046875 2406.56640625 0.670721709728241
0 1492.22900390625 2867.109375 1588.23046875 3001.0576171875 0.6694284677505493
0 1260.9942626953125 3284.261962890625 1390.2769775390625 3385.189208984375 0.6569083333015442
0 2005.4068603515625 3018.716064453125 2095.9169921875 3176.820068359375 0.6281067132949829
0 1921.3511962890625 3066.95361328125 2000.8797607421875 3191.459228515625 0.5494288802146912
0 1754.89111328125 3295.546142578125 1907.557373046875 3397.333984375 0.5403613448143005
0 1958.5941162109375 3232.791015625 2047.1875 3370.26220703125 0.5363166332244873
0 1748.6746826171875 3299.38623046875 1870.4188232421875 3408.92041015625 0.30722638964653015
