0 1282.404052734375 2558.32666015625 1414.7808837890625 2640.70166015625 0.7645429968833923
0 1185.096923828125 2159.48583984375 1279.9732666015625 2296.780517578125 0.7518038749694824
0 1261.94189453125 1906.386474609375 1374.5189208984375 2010.085693359375 0.7477235198020935
0 1862.3760986328125 2117.380126953125 1994.8157958984375 2198.911376953125 0.731351375579834
0 1624.9407958984375 1844.455322265625 1709.7784423828125 1974.2076416015625 0.7178608179092407
0 1802.358642578125 2456.79541015625 1918.0916748046875 2565.934326171875 0.7093666195869446
0 1422.6680908203125 1957.4959716796875 1539.9039306640625 2048.91064453125 0.7087258696556091
0 1076.0574951171875 2386.240234375 1205.3458251953125 2480.722412109375 0.7010053396224976
0 990.4631958007812 2421.77587890625 1101.5140380859375 2547.269775390625 0.6973447203636169
0 914.9667358398438 2290.018310546875 1002.00927734375 2420.503173828125 0.6344581842422485
0 1885.3919677734375 2372.1025390625 1967.6990966796875 2509.501708984375 0.6151130795478821
0 1960.3927001953125 2321.11181640625 2045.124755859375 2432.426025390625 0.5863022208213806
0 996.9152221679688 2302.505615234375 1080.413330078125 2417.775390625 0.5486765503883362
0 1876.1287841796875 2376.5146484375 1954.9627685546875 2537.898681640625 0.3509054481983185
