0 1433.78466796875 2787.4765625 1519.60595703125 2917.3505859375 0.7516208291053772
0 1994.052734375 2339.909912109375 2118.485107421875 2428.8828125 0.744328498840332
0 1643.0380859375 2839.501953125 1755.69580078125 2951.050537109375 0.7304631471633911
0 1510.552734375 2710.340576171875 1656.8280029296875 2796.69775390625 0.7258188724517822
0 1609.0516357421875 2469.982666015625 1695.0545654296875 2607.974609375 0.7158980369567871
0 839.3310546875 2725.594482421875 962.7610473632812 2855.884521484375 0.7111382484436035
0 1522.8416748046875 3215.134521484375 1629.2410888671875 3349.98583984375 0.6983497738838196
0 1144.2852783203125 3019.704345703125 1289.0989990234375 3104.524658203125 0.6945566534996033
0 947.6578979492188 2320.7216796875 1048.2156982421875 2458.591064453125 0.6905769109725952
0 2120.582763671875 2974.2421875 2214.8662109375 3113.163330078125 0.6842256784439087
0 1621.4521484375 3216.359130859375 1745.2850341796875 3314.5322265625 0.6750968098640442
0 1774.070068359375 2998.2431640625 1895.0333251953125 3121.037109375 0.6632557511329651
0 2108.688720703125 2885.9853515625 2237.963623046875 2970.72705078125 0.662947416305542
0 1808.526123046875 3123.69775390625 1910.3450927734375 3251.193603515625 0.6569064855575562
0 1091.342041015625 3115.173828125 1216.1033935546875 3214.748291015625 0.6513031125068665
0 1718.0926513671875 3168.157470703125 1841.731201171875 3268.64306640625 0.644481360912323
0 1847.5426025390625 2806.841552734375 1955.99169921875 2930.76953125 0.6388143301010132
0 1610.174560546875 2981.623046875 1740.1348876953125 3106.938720703125 0.6313157677650452
0 1674.249267578125 2945.9970703125 1790.0408935546875 3013.0087890625 0.5689106583595276
0 1934.4833984375 2898.111572265625 2008.1409912109375 3009.426025390625 0.417009562253952
