0 2351.370361328125 3192.908203125 2440.015625 3278.161865234375 0.7978996634483337
0 1419.93701171875 3514.2900390625 1506.968505859375 3591.89404296875 0.7813203930854797
0 2075.897216796875 3608.8515625 2173.24951171875 3684.5234375 0.7692936658859253
0 281.5162658691406 2493.22998046875 369.6006774902344 2633.117431640625 0.7613817453384399
0 2157.9384765625 3835.789306640625 2266.03564453125 3930.280029296875 0.7601721882820129
0 1581.356689453125 3964.668701171875 1665.4114990234375 4072.32958984375 0.7556780576705933
0 436.2076721191406 2021.9730224609375 527.0453491210938 2135.9912109375 0.7535021305084229
0 2014.803466796875 3093.468505859375 2118.263427734375 3188.468017578125 0.7469848990440369
0 317.73052978515625 2123.302001953125 401.2525634765625 2226.948974609375 0.7435474991798401
0 1267.0548095703125 3435.21875 1354.5479736328125 3512.30322265625 0.7433905601501465
0 1358.3199462890625 1390.994384765625 1440.7059326171875 1497.48974609375 0.7380199432373047
0 2731.75 2645.892822265625 2824.322998046875 2742.075439453125 0.7348569631576538
0 2622.74658203125 2492.322998046875 2749.115478515625 2572.27783203125 0.7310378551483154
0 1798.3935546875 3519.2666015625 1904.722412109375 3644.0361328125 0.7277336120605469
0 268.10662841796875 3043.94677734375 348.6890563964844 3193.95947265625 0.7233937978744507
0 925.4102172851562 3439.082275390625 1009.3006591796875 3564.780517578125 0.7221817970275879
0 2878.5419921875 3138.00830078125 2961.12353515625 3278.020263671875 0.7211167216300964
0 2984.43798828125 2334.391845703125 3088.109619140625 2470.668212890625 0.7199983596801758
0 1701.8804931640625 3858.533447265625 1831.9404296875 3942.3681640625 0.7167407870292664
0 2550.754638671875 3577.0771484375 2667.312255859375 3673.803955078125 0.7150882482528687
0 1593.6734619140625 3616.8427734375 1713.7657470703125 3748.84716796875 0.7098870873451233
0 2814.2587890625 3236.7001953125 2900.94970703125 3385.95849609375 0.7061231136322021
0 457.2164611816406 2554.050537109375 534.029541015625 2638.118896484375 0.7050908207893372
0 2115.87939453125 1373.2945556640625 2199.160888671875 1518.8599853515625 0.6932153701782227
0 2536.935546875 2904.78271484375 2661.505615234375 3032.9609375 0.691596508026123
0 1664.659423828125 3966.436767578125 1802.6956787109375 4054.909912109375 0.6863494515419006
0 754.3154296875 2985.051025390625 880.8134155273438 3107.001220703125 0.6858224868774414
0 1073.6317138671875 3753.0693359375 1164.374267578125 3896.23291015625 0.6853483319282532
0 2250.685302734375 3763.369873046875 2339.271240234375 3899.65576171875 0.682074785232544
0 271.9327087402344 2213.984619140625 374.02532958984375 2331.46337890625 0.6798016428947449
0 2904.1103515625 2597.0302734375 2980.076416015625 2730.82666015625 0.6742508411407471
0 1985.5467529296875 1486.301025390625 2133.172119140625 1594.88916015625 0.6712789535522461
0 2671.635986328125 3487.098388671875 2761.856201171875 3573.778564453125 0.6694310307502747
0 581.8287353515625 2020.1966552734375 681.219970703125 2139.555908203125 0.6644439101219177
0 1913.555419921875 3012.4609375 2028.6142578125 3135.063720703125 0.6608009934425354
0 750.3161010742188 3533.535888671875 857.5477294921875 3650.840576171875 0.6539129018783569
0 395.1846618652344 3299.78125 473.08502197265625 3443.910888671875 0.650232195854187
0 662.4688110351562 3663.33251953125 802.4935913085938 3751.439453125 0.6421344876289368
0 574.4854125976562 3326.90625 655.0914916992188 3459.60986328125 0.6400480270385742
0 921.3840942382812 3727.065673828125 1030.4588623046875 3856.841796875 0.6335886120796204
0 630.2182006835938 3365.3076171875 725.5682373046875 3463.77783203125 0.6078161597251892
0 2245.12451171875 3657.59619140625 2354.53515625 3751.310302734375 0.6071470379829407
0 2659.664306640625 3453.708740234375 2757.53564453125 3535.213623046875 0.6035431623458862
0 582.0885620117188 1990.711181640625 698.8887939453125 2083.3583984375 0.5866434574127197
0 555.9515991210938 3513.037109375 627.8107299804688 3632.253662109375 0.575003981590271
0 501.69146728515625 3430.210693359375 577.3839111328125 3541.7958984375 0.5741866230964661
0 2344.508056640625 3738.9677734375 2419.89599609375 3860.652587890625 0.5387355089187622
0 643.3187255859375 3550.223876953125 745.9786376953125 3661.05859375 0.5051221251487732
0 626.3565063476562 3484.003662109375 728.0681762695312 3646.506103515625 0.4807073175907135
0 620.237060546875 3476.67529296875 723.4082641601562 3603.622314453125 0.3447745740413666
0 630.729736328125 3531.00927734375 742.317626953125 3653.217529296875 0.33617645502090454
0 2556.3125 3160.852783203125 2638.00927734375 3218.477783203125 0.28105437755584717
0 1613.9239501953125 3963.14892578125 1719.389892578125 4069.03173828125 0.2607823312282562
