0 2154.96240234375 2627.123291015625 2256.07861328125 2745.7392578125 0.7352817058563232
0 1300.0579833984375 2290.83056640625 1431.9541015625 2389.602783203125 0.7318757772445679
0 858.8556518554688 2423.146728515625 980.0370483398438 2535.587890625 0.7228619456291199
0 1719.4459228515625 2824.956787109375 1858.39599609375 2943.64794921875 0.7082958817481995
0 1487.408447265625 2832.6552734375 1632.4805908203125 2923.4365234375 0.7010639905929565
0 1514.02587890625 2165.1376953125 1630.64013671875 2280.314208984375 0.6997119784355164
0 1020.4166870117188 2962.540771484375 1147.1844482421875 3077.6044921875 0.6949342489242554
0 1649.36328125 3330.868896484375 1795.3026123046875 3419.79443359375 0.6928840279579163
0 1727.79736328125 2384.150390625 1861.803466796875 2483.221435546875 0.6839442849159241
0 1746.7030029296875 2490.38232421875 1850.6795654296875 2586.822998046875 0.6747814416885376
0 1985.5626220703125 2330.973876953125 2119.71826171875 2420.85595703125 0.6711751818656921
0 1919.429931640625 2659.38330078125 2011.60791015625 2779.157470703125 0.6637097001075745
0 1935.046875 3264.94580078125 2077.782958984375 3373.543701171875 0.6553463935852051
0 1888.37548828125 2843.14013671875 2024.8165283203125 2942.35400390625 0.6428532600402832
0 1564.5946044921875 2575.19921875 1648.322021484375 2711.236572265625 0.6170168519020081
0 1656.2337646484375 2536.327880859375 1744.541015625 2641.873779296875 0.585599958896637
0 1977.1219482421875 2776.334228515625 2139.22509765625 2853.3115234375 0.5721145272254944
0 2013.148193359375 2856.931640625 2135.127197265625 2941.7734375 0.4668845534324646
0 1661.0748291015625 2645.693359375 1745.1571044921875 2742.675537109375 0.42920011281967163
0 895.6842041015625 3193.6337890625 956.2609252929688 3301.884033203125 0.40491634607315063
0 1658.9395751953125 2535.869873046875 1791.2508544921875 2630.84619140625 0.3783337473869324
