0 1031.911865234375 2019.78125 1153.3465576171875 2085.3466796875 0.7735584378242493
0 1303.218017578125 3283.2626953125 1392.4254150390625 3408.193115234375 0.7518172264099121
0 270.23468017578125 1581.67138671875 356.94891357421875 1713.284912109375 0.7498805522918701
0 2744.361328125 1286.3814697265625 2870.783203125 1413.8258056640625 0.7495148777961731
0 2669.222900390625 1468.7266845703125 2754.115966796875 1603.829345703125 0.7492846250534058
0 2923.48974609375 1513.0245361328125 3077.23486328125 1597.6163330078125 0.7483182549476624
0 2536.004638671875 3195.184326171875 2663.422119140625 3278.701416015625 0.7432782053947449
0 273.59820556640625 2636.591552734375 358.7661437988281 2745.93994140625 0.7415628433227539
0 1577.2894287109375 3242.002197265625 1659.9000244140625 3328.894775390625 0.7400908470153809
0 847.0844116210938 3000.886962890625 970.8280639648438 3079.682373046875 0.7392430901527405
0 2420.9970703125 1063.224365234375 2540.68212890625 1153.221435546875 0.7344973683357239
0 1461.7607421875 3054.492919921875 1576.6234130859375 3150.831787109375 0.7333981394767761
0 647.9381103515625 2859.032470703125 801.5125732421875 2941.806640625 0.7330660223960876
0 1804.9114990234375 1586.4554443359375 1906.333251953125 1700.701904296875 0.7297995686531067
0 1344.803466796875 3151.845703125 1483.0689697265625 3247.212890625 0.7228828072547913
0 2883.418212890625 2864.678955078125 3017.216064453125 2958.108642578125 0.7216598987579346
0 1595.92626953125 1915.1807861328125 1701.216552734375 2055.5302734375 0.7197465300559998
0 1675.982177734375 1272.9078369140625 1786.1881103515625 1393.686279296875 0.7193157076835632
0 1347.63818359375 1053.8853759765625 1452.004150390625 1190.7490234375 0.7185571193695068
0 420.7618713378906 2677.77294921875 496.9665832519531 2776.065673828125 0.7183664441108704
0 2813.5419921875 3113.113525390625 2919.5419921875 3237.8408203125 0.7166984677314758
0 1813.0233154296875 3031.195068359375 1933.9051513671875 3162.10302734375 0.7146329283714294
0 1054.16650390625 3318.940185546875 1174.41259765625 3447.72021484375 0.713766872882843
0 1087.1165771484375 845.8167724609375 1188.1385498046875 1003.4378662109375 0.7136251330375671
0 3112.38818359375 1893.4111328125 3234.317138671875 2028.262451171875 0.7131157517433167
0 1773.2850341796875 3678.298583984375 1870.7767333984375 3802.303466796875 0.7096404433250427
0 3134.9189453125 2084.156982421875 3255.649169921875 2223.1826171875 0.7081859707832336
0 1330.0474853515625 3021.11474609375 1451.669921875 3134.281982421875 0.7070543169975281
0 1952.96484375 2711.2236328125 2057.526123046875 2851.369140625 0.7022987604141235
0 3107.244384765625 2357.246337890625 3187.870849609375 2507.835205078125 0.7001429796218872
0 3092.224609375 2582.5888671875 3184.16259765625 2735.9169921875 0.6983948945999146
0 2422.72412109375 3273.9716796875 2513.44921875 3381.271484375 0.6911607384681702
0 425.01641845703125 2869.239501953125 533.481201171875 2951.359619140625 0.6908868551254272
0 2737.171875 1951.4669189453125 2836.98486328125 2091.6806640625 0.689067542552948
0 2976.98974609375 1756.5245361328125 3135.185302734375 1841.1409912109375 0.6880999803543091
0 828.1317749023438 3440.212646484375 971.0994262695312 3517.0029296875 0.6593590378761292
0 1485.6004638671875 3675.82958984375 1569.650634765625 3787.355712890625 0.6506260633468628
0 1163.09619140625 3585.671875 1230.0048828125 3670.562255859375 0.6494942307472229
0 290.4510498046875 2771.979248046875 384.5999755859375 2906.7890625 0.6487720012664795
0 1013.3388061523438 3482.040771484375 1142.155517578125 3560.865234375 0.646411120891571
0 482.3371887207031 2939.7255859375 588.0592651367188 3046.97998046875 0.6410309672355652
0 1352.904541015625 3644.056884765625 1454.6744384765625 3773.76953125 0.6372180581092834
0 1242.6793212890625 3574.064697265625 1338.2884521484375 3647.280517578125 0.6368421316146851
0 1545.63037109375 3616.616943359375 1697.6065673828125 3704.69580078125 0.6347232460975647
0 849.8333740234375 3532.203857421875 1013.9446411132812 3605.11279296875 0.6266158819198608
0 335.6173095703125 2866.531494140625 420.1773986816406 3005.4736328125 0.6183143258094788
0 406.80438232421875 3086.957763671875 559.6685180664062 3168.876953125 0.6174197196960449
0 391.72967529296875 2979.592041015625 519.6228637695312 3076.235107421875 0.6159332394599915
0 1544.6319580078125 3335.755126953125 1639.1444091796875 3428.197021484375 0.6143213510513306
0 1195.3638916015625 3525.010498046875 1278.6746826171875 3596.645263671875 0.5097010135650635
0 1973.476318359375 2923.04638671875 2027.6856689453125 3004.0029296875 0.284385621547699
