0 1234.27587890625 2441.335693359375 1366.90087890625 2523.193115234375 0.7181012630462646
0 1165.6832275390625 1930.5291748046875 1273.3074951171875 2043.55810546875 0.713238000869751
0 1319.3216552734375 2175.513427734375 1412.0059814453125 2322.069580078125 0.691066563129425
0 1058.7545166015625 2452.67724609375 1169.093505859375 2567.09228515625 0.6886113286018372
0 1875.0140380859375 2098.364990234375 1960.1007080078125 2193.011474609375 0.6835399270057678
0 1802.3062744140625 2575.27392578125 1898.7706298828125 2702.198974609375 0.6808240413665771
0 984.5013427734375 2283.707763671875 1065.52685546875 2420.10595703125 0.6740052700042725
0 1201.99609375 2270.77587890625 1326.527587890625 2358.722900390625 0.6721943616867065
0 1904.2242431640625 2188.55859375 2042.1322021484375 2267.70166015625 0.6382619738578796
0 1043.97119140625 2341.21142578125 1151.736572265625 2440.247314453125 0.6378173232078552
0 1710.3060302734375 2501.580078125 1842.5711669921875 2594.4658203125 0.636934757232666
0 1653.545654296875 2392.72265625 1779.209228515625 2553.26611328125 0.6006976366043091
0 1632.7147216796875 2425.61669921875 1765.32666015625 2564.499267578125 0.5862241983413696
