0 1768.62890625 3618.568603515625 1847.0574951171875 3716.434814453125 0.7704803347587585
0 1472.6190185546875 2534.593994140625 1556.6795654296875 2630.583251953125 0.7683566808700562
0 1012.6655883789062 1477.4422607421875 1113.3531494140625 1567.0133056640625 0.7561289668083191
0 2936.430419921875 2237.935546875 3026.845947265625 2318.3193359375 0.752522349357605
0 1131.98046875 1345.198974609375 1265.11474609375 1434.790771484375 0.7364449501037598
0 3100.068603515625 2902.171630859375 3246.361572265625 2986.79736328125 0.7324840426445007
0 345.4969177246094 2533.220947265625 446.790771484375 2647.49853515625 0.7319515347480774
0 806.1956176757812 3448.524169921875 958.220458984375 3533.16259765625 0.7248499989509583
0 1170.0771484375 1942.505859375 1294.46142578125 2022.999267578125 0.7222235798835754
0 1298.531494140625 3803.815673828125 1454.937255859375 3893.572265625 0.7188729643821716
0 2786.742431640625 3282.84521484375 2879.460693359375 3413.44140625 0.7173278331756592
0 2997.942626953125 3257.764404296875 3098.7509765625 3384.128662109375 0.7166030406951904
0 811.9190673828125 3820.6865234375 940.9590454101562 3925.572509765625 0.7140625715255737
0 1020.141845703125 3774.766845703125 1144.2850341796875 3878.946533203125 0.7096612453460693
0 1635.1307373046875 4086.0009765625 1782.2967529296875 4192.0859375 0.7060468196868896
0 2661.940185546875 2565.754150390625 2760.919189453125 2686.499755859375 0.7060182690620422
0 2761.759521484375 3490.537841796875 2845.994140625 3619.995361328125 0.6976116299629211
0 670.9827880859375 3651.0537109375 783.4186401367188 3727.385986328125 0.692091166973114
0 692.2001342773438 2303.315185546875 805.8568725585938 2437.12451171875 0.6888144016265869
0 3175.86279296875 2456.46826171875 3259.76806640625 2604.85888671875 0.682989239692688
0 1955.256591796875 3935.246337890625 2099.497802734375 4015.828857421875 0.6759234666824341
0 2703.538330078125 2669.89111328125 2812.682373046875 2792.90673828125 0.6726512908935547
0 2275.843994140625 3693.09228515625 2356.98193359375 3816.07666015625 0.6721967458724976
0 908.4012451171875 2655.902587890625 1013.9373779296875 2785.50537109375 0.6703097820281982
0 2865.62841796875 3469.058837890625 2939.1455078125 3606.389404296875 0.6694103479385376
0 1408.1175537109375 3951.8583984375 1503.115966796875 4055.013671875 0.6678382158279419
0 2384.078857421875 1568.5465087890625 2475.739990234375 1705.306396484375 0.6661881804466248
0 2245.171142578125 3400.787841796875 2374.45947265625 3512.310302734375 0.6625089645385742
0 2110.633544921875 3962.646484375 2267.072998046875 4053.7294921875 0.6616219282150269
0 1549.6630859375 2737.298095703125 1639.306640625 2853.210693359375 0.6485512256622314
0 2999.90478515625 2446.468017578125 3118.591552734375 2595.287841796875 0.647255539894104
0 1095.4425048828125 3951.5087890625 1197.2181396484375 4092.269287109375 0.6393228769302368
0 290.15008544921875 3164.919677734375 377.427490234375 3291.1962890625 0.6284494400024414
0 809.8504638671875 2606.491455078125 910.7381591796875 2735.274169921875 0.6278712153434753
0 982.7078857421875 3918.88720703125 1089.097900390625 4052.8857421875 0.6273811459541321
0 657.9083251953125 3736.52099609375 783.583984375 3814.383056640625 0.6261828541755676
0 1305.5028076171875 3989.242919921875 1395.0699462890625 4142.521484375 0.6261259913444519
0 452.50531005859375 3390.03662109375 575.71240234375 3488.45751953125 0.6217173337936401
0 3160.364990234375 2697.68408203125 3247.056396484375 2848.807373046875 0.6023991107940674
0 2468.7998046875 3608.775390625 2594.4921875 3741.123291015625 0.5985010266304016
0 342.9646911621094 3236.7626953125 435.75494384765625 3383.62353515625 0.5762933492660522
0 1207.8773193359375 3988.052490234375 1281.441650390625 4149.169921875 0.5750544667243958
0 2372.9765625 3877.20458984375 2459.006591796875 3988.009521484375 0.566210925579071
0 2306.128662109375 3525.586181640625 2454.724365234375 3605.641845703125 0.5091148614883423
0 396.190673828125 3342.302734375 491.603271484375 3461.38671875 0.5061385631561279
0 2247.59423828125 3611.79345703125 2335.07080078125 3684.252197265625 0.48823922872543335
0 2326.478759765625 3538.833251953125 2467.4150390625 3609.911376953125 0.47628122568130493
0 2322.9716796875 3785.21923828125 2440.520263671875 3883.2900390625 0.4753275513648987
0 2410.7294921875 3763.1904296875 2504.22216796875 3896.116943359375 0.4398617148399353
0 2424.53564453125 3775.031494140625 2513.39697265625 3915.15283203125 0.41595008969306946
0 2437.489990234375 3800.75634765625 2515.665283203125 3918.072265625 0.3605602979660034
0 2418.728515625 3620.9619140625 2491.044921875 3725.1796875 0.357724666595459
0 2387.557373046875 3767.843994140625 2486.45458984375 3879.534423828125 0.3510476052761078
0 2325.335693359375 3602.378662109375 2416.804443359375 3692.15771484375 0.344850093126297
0 2403.302490234375 3755.854248046875 2504.5546875 3865.92041015625 0.29610106348991394
0 388.770263671875 3339.7353515625 493.3355712890625 3428.85205078125 0.25354287028312683
