0 1193.859619140625 2429.404541015625 1285.164306640625 2557.790771484375 0.7409180402755737
0 1275.1673583984375 2633.81982421875 1375.9920654296875 2763.58056640625 0.7267695069313049
0 1156.0732421875 2302.527587890625 1283.74267578125 2414.880126953125 0.7249619960784912
0 1408.6942138671875 2365.332763671875 1550.194091796875 2456.733154296875 0.7161278128623962
0 1575.7806396484375 2731.203369140625 1692.104248046875 2838.743896484375 0.6890463829040527
0 1873.075927734375 2634.41552734375 1958.94482421875 2757.122802734375 0.6835848689079285
0 1812.8756103515625 2492.529052734375 1954.5703125 2564.4580078125 0.6819658875465393
0 1046.36328125 2525.9140625 1213.2095947265625 2619.25341796875 0.6748961210250854
0 1705.043212890625 2754.587646484375 1800.0723876953125 2874.4912109375 0.6237175464630127
0 1822.1478271484375 2393.685302734375 1920.7274169921875 2484.49755859375 0.6194618344306946
0 1792.135498046875 2694.151123046875 1905.3704833984375 2837.23779296875 0.581271231174469
0 1927.3524169921875 2276.255615234375 2029.404052734375 2408.27197265625 0.5500079393386841
0 1893.12646484375 2378.76416015625 1992.880126953125 2475.90869140625 0.527680516242981
0 1427.076416015625 2101.65771484375 1513.86328125 2195.576171875 0.5266293287277222
0 1891.2989501953125 2352.6416015625 1998.3785400390625 2430.503662109375 0.4019390046596527
0 1858.1934814453125 2666.945068359375 1952.629638671875 2776.7099609375 0.251716285943985
