0 1531.7772216796875 1989.9014892578125 1649.5673828125 2063.881591796875 0.7923153638839722
0 664.229736328125 1923.5155029296875 779.2051391601562 2004.115234375 0.7912208437919617
0 1980.2998046875 3181.2841796875 2086.2744140625 3239.123779296875 0.7842169404029846
0 527.24658203125 2104.443603515625 593.95947265625 2185.471435546875 0.7747138142585754
0 2368.757080078125 1371.19140625 2491.645751953125 1434.7301025390625 0.7736706733703613
0 2672.800537109375 2733.111572265625 2763.25146484375 2799.712890625 0.773184061050415
0 843.4208374023438 1678.0841064453125 948.5460205078125 1756.286865234375 0.7730579972267151
0 1405.6131591796875 3489.143798828125 1476.7598876953125 3600.8603515625 0.7677622437477112
0 1145.9381103515625 2054.9892578125 1247.92919921875 2149.434814453125 0.7668761610984802
0 1854.3477783203125 2703.55859375 1916.635498046875 2797.768798828125 0.764445960521698
0 2086.3408203125 2186.003173828125 2158.666259765625 2281.04931640625 0.7637649178504944
0 2082.53857421875 3511.855224609375 2183.14208984375 3572.1650390625 0.7597492337226868
0 1311.620849609375 1349.5882568359375 1416.495849609375 1419.3172607421875 0.7566879391670227
0 1386.4443359375 1596.0550537109375 1452.9930419921875 1682.2745361328125 0.7544621229171753
0 2779.82958984375 2917.01416015625 2845.846923828125 3024.84228515625 0.7541661262512207
0 1663.212158203125 1389.521728515625 1733.448486328125 1466.313720703125 0.7484728097915649
0 1440.942138671875 3283.0078125 1524.917236328125 3394.013916015625 0.7448887825012207
0 498.34075927734375 2287.719482421875 571.6021728515625 2388.982177734375 0.7424713969230652
0 2642.843994140625 1688.785888671875 2758.729736328125 1773.3314208984375 0.7411701083183289
0 2437.594970703125 2361.57568359375 2526.322265625 2465.09619140625 0.730400562286377
0 1288.3009033203125 1538.083251953125 1372.3812255859375 1629.760986328125 0.7299218773841858
0 2218.4072265625 1493.7138671875 2299.070556640625 1594.994140625 0.7279528975486755
0 1929.03662109375 1170.876708984375 2056.214111328125 1247.4215087890625 0.7273799777030945
0 2657.362060546875 2326.73779296875 2756.33251953125 2450.505126953125 0.7270731925964355
0 1867.0147705078125 3246.07958984375 1970.1644287109375 3355.501708984375 0.7254980802536011
0 1037.393798828125 3318.59912109375 1105.689697265625 3431.56884765625 0.7237128019332886
0 2181.736572265625 2959.230224609375 2273.71484375 3055.599365234375 0.7229691743850708
0 490.2459716796875 2174.8095703125 562.13232421875 2269.45361328125 0.7017828226089478
0 1906.7847900390625 3528.777099609375 2008.2183837890625 3615.7939453125 0.7005409598350525
0 1101.0439453125 3420.982177734375 1210.6678466796875 3475.892822265625 0.6931700706481934
0 2156.701416015625 3450.180908203125 2263.332763671875 3543.2353515625 0.6928592920303345
0 2349.33349609375 3337.058837890625 2428.287109375 3454.8193359375 0.6896638870239258
0 2389.328857421875 3011.810791015625 2457.711181640625 3106.890869140625 0.6865136027336121
0 2476.399169921875 2869.611328125 2553.22607421875 2939.434814453125 0.6808975338935852
0 1710.7547607421875 2214.21630859375 1818.531494140625 2292.86181640625 0.679635226726532
0 1137.236083984375 3350.6611328125 1259.0533447265625 3411.4189453125 0.6756361722946167
0 2268.412841796875 3005.421630859375 2363.07666015625 3070.895263671875 0.6726502776145935
0 2335.66259765625 2868.255126953125 2428.93994140625 2959.555419921875 0.6521276831626892
0 2873.26123046875 2709.97216796875 2940.987060546875 2832.15478515625 0.6355974674224854
0 1703.7291259765625 2109.08203125 1771.432373046875 2169.129150390625 0.6323968768119812
0 2250.907470703125 3386.29638671875 2318.229736328125 3498.413818359375 0.6170446276664734
0 1702.6617431640625 3563.417236328125 1785.5859375 3667.77197265625 0.6156646609306335
0 2798.5419921875 2665.220947265625 2906.8583984375 2756.82958984375 0.5887407660484314
0 1821.0921630859375 3535.0478515625 1911.1220703125 3633.20068359375 0.5851446390151978
0 2757.608642578125 2800.913330078125 2834.104736328125 2900.391845703125 0.5747345089912415
0 2345.2138671875 2779.273681640625 2415.07421875 2862.4853515625 0.5490519404411316
0 2837.42529296875 2796.924560546875 2895.4765625 2895.979736328125 0.538143515586853
0 2761.89990234375 2793.549072265625 2848.60693359375 2893.50732421875 0.5237149000167847
0 1609.4083251953125 3497.008056640625 1686.9090576171875 3642.46337890625 0.49129536747932434
0 1706.873779296875 2139.390869140625 1775.2396240234375 2212.11865234375 0.43748781085014343
0 1754.9283447265625 3529.417236328125 1829.1268310546875 3588.35595703125 0.43018898367881775
0 2247.305908203125 3400.30859375 2319.024658203125 3519.57763671875 0.30896997451782227
0 1417.75634765625 1947.7386474609375 1458.4061279296875 2013.67529296875 0.2908839285373688
