0 1994.0989990234375 2938.452392578125 2069.24169921875 3013.15283203125 0.8014793992042542
0 433.1387023925781 1848.3687744140625 542.3858642578125 1918.5599365234375 0.7992836236953735
0 1136.735107421875 3095.6845703125 1231.77392578125 3155.996337890625 0.7968605160713196
0 502.4825134277344 1730.794921875 599.5250854492188 1813.4232177734375 0.7952247262001038
0 2193.262451171875 2730.541259765625 2262.40869140625 2800.6845703125 0.7927032709121704
0 2101.95849609375 3133.8935546875 2168.8857421875 3198.283447265625 0.7838082909584045
0 1208.5457763671875 1184.9716796875 1322.10546875 1259.58740234375 0.7786356806755066
0 1716.9652099609375 3546.501953125 1824.5386962890625 3620.656494140625 0.7780767679214478
0 881.1715087890625 2656.8818359375 987.2193603515625 2728.00439453125 0.7725346684455872
0 1576.216796875 3178.772216796875 1697.2578125 3272.04443359375 0.7604908347129822
0 2585.5166015625 2331.26025390625 2694.104248046875 2398.81103515625 0.7509153485298157
0 389.4551086425781 2001.0303955078125 462.13055419921875 2106.481689453125 0.7500997185707092
0 782.9591064453125 3183.0302734375 883.6353149414062 3289.0048828125 0.7451360821723938
0 2835.971923828125 2618.763427734375 2961.852783203125 2709.74609375 0.7410589456558228
0 2482.479736328125 2612.12158203125 2563.108642578125 2696.46728515625 0.7377974390983582
0 2385.05078125 1981.1907958984375 2467.4228515625 2037.566650390625 0.7361906170845032
0 1745.677978515625 1046.100830078125 1866.7528076171875 1145.6611328125 0.7347028851509094
0 2864.7470703125 2458.95849609375 2948.00390625 2564.055419921875 0.7308946251869202
0 2561.638916015625 3138.784912109375 2687.4208984375 3212.875 0.729143500328064
0 2465.8759765625 1325.090087890625 2542.0771484375 1455.34814453125 0.728204071521759
0 1311.2542724609375 1811.765625 1418.6810302734375 1900.4700927734375 0.7208530902862549
0 2474.26611328125 1985.1846923828125 2563.873779296875 2056.838134765625 0.7193329334259033
0 1527.685302734375 1143.358154296875 1633.5150146484375 1254.991455078125 0.7087429761886597
0 451.8473815917969 1940.1961669921875 533.9873657226562 2009.2916259765625 0.7081936001777649
0 1506.612548828125 3110.7275390625 1602.2386474609375 3197.94140625 0.7060469388961792
0 356.37060546875 2119.230224609375 448.7937316894531 2208.028564453125 0.7046201825141907
0 1962.5811767578125 3101.42578125 2026.448974609375 3193.599609375 0.7016178965568542
0 2060.91162109375 3433.45947265625 2167.06201171875 3515.892822265625 0.7014098763465881
0 816.2154541015625 2077.76611328125 887.852294921875 2183.04638671875 0.7005374431610107
0 462.25006103515625 2013.9896240234375 535.007568359375 2099.83056640625 0.6969877481460571
0 2795.22119140625 2774.568359375 2895.497802734375 2888.682373046875 0.6925312876701355
0 2117.436279296875 1773.05908203125 2188.60595703125 1872.74853515625 0.6912538409233093
0 2890.744140625 2317.018798828125 2987.897705078125 2426.29833984375 0.6893911361694336
0 1182.990966796875 2579.923583984375 1275.6175537109375 2702.364990234375 0.6822882294654846
0 2246.649658203125 3393.448486328125 2377.429443359375 3463.66796875 0.6797540783882141
0 2425.885498046875 2963.414794921875 2543.846923828125 3037.402099609375 0.6776415705680847
0 2700.00830078125 2018.7974853515625 2796.2841796875 2105.736328125 0.6625175476074219
0 2333.634521484375 2804.4677734375 2424.44580078125 2918.13232421875 0.6604450345039368
0 2443.480224609375 3244.37841796875 2579.7060546875 3310.261474609375 0.6497722864151001
0 2481.329345703125 3110.186767578125 2564.87646484375 3213.3271484375 0.6424411535263062
0 1837.1063232421875 2543.075439453125 1926.7615966796875 2653.053466796875 0.6353402137756348
0 538.803955078125 2026.947265625 610.0723876953125 2131.029052734375 0.6156123876571655
0 2638.65673828125 1538.257568359375 2718.75048828125 1660.5833740234375 0.606471598148346
0 2802.4306640625 1760.997802734375 2862.25146484375 1875.388427734375 0.601010799407959
0 2589.423095703125 1452.5135498046875 2643.9921875 1568.9962158203125 0.5845898389816284
0 2711.633544921875 1887.30126953125 2787.206787109375 2007.754150390625 0.5660997033119202
0 2735.4541015625 1709.9541015625 2816.705810546875 1813.27587890625 0.5399232506752014
0 2641.083251953125 1700.215576171875 2717.39453125 1778.824462890625 0.45208320021629333
0 2710.5 1609.5008544921875 2774.173828125 1717.6053466796875 0.4266648292541504
0 2762.70556640625 1695.4031982421875 2828.846435546875 1789.801025390625 0.41403689980506897
0 2618.368896484375 1630.9195556640625 2704.558837890625 1699.2579345703125 0.2967258393764496
