0 1127.802490234375 2080.9013671875 1244.2237548828125 2184.7861328125 0.7368756532669067
0 1214.160400390625 2307.33349609375 1351.9112548828125 2405.505126953125 0.7101606130599976
0 1133.0794677734375 2584.321533203125 1241.365234375 2697.028076171875 0.7055321335792542
0 1339.633544921875 2386.93359375 1426.76708984375 2513.78466796875 0.703731894493103
0 1085.0609130859375 2413.28125 1215.060546875 2499.797119140625 0.6908321976661682
0 1711.9066162109375 2581.46630859375 1824.9573974609375 2704.5888671875 0.6809882521629333
0 1566.5714111328125 2746.35546875 1658.707763671875 2867.609130859375 0.6689714789390564
0 1654.4847412109375 2688.863525390625 1749.8280029296875 2811.170654296875 0.6644012331962585
0 971.5926513671875 2487.649658203125 1084.2811279296875 2631.301025390625 0.6538631916046143
0 1448.498046875 2689.214111328125 1559.78955078125 2835.88037109375 0.637334942817688
0 1550.658203125 2215.419921875 1673.1607666015625 2321.357177734375 0.6246151328086853
0 1083.308349609375 2520.550048828125 1173.9490966796875 2635.445068359375 0.5761811137199402
0 1655.35546875 2206.11328125 1748.911865234375 2312.44970703125 0.554859459400177
0 1126.7403564453125 2575.68017578125 1219.1688232421875 2664.995849609375 0.26428523659706116
