0 2900.392333984375 1867.1929931640625 2996.852294921875 1949.5460205078125 0.7628782987594604
0 276.8515625 3039.34033203125 410.92303466796875 3118.48779296875 0.7430973649024963
0 2117.625244140625 2532.056640625 2208.7119140625 2614.327880859375 0.7404197454452515
0 3000.7724609375 2641.493408203125 3139.330322265625 2743.877685546875 0.7385144233703613
0 122.6609878540039 2319.45458984375 274.1272277832031 2411.16064453125 0.7257183790206909
0 261.6451416015625 2535.287109375 354.72479248046875 2665.205078125 0.7189703583717346
0 1391.9072265625 3451.1083984375 1538.9254150390625 3553.895263671875 0.7140809297561646
0 984.9452514648438 3600.73291015625 1111.050537109375 3719.097412109375 0.7135949730873108
0 1484.457763671875 2375.922119140625 1557.5501708984375 2508.05078125 0.7116920351982117
0 2727.270751953125 1918.7716064453125 2872.9580078125 2023.033935546875 0.7112945318222046
0 347.4350280761719 1766.2886962890625 437.78094482421875 1888.6007080078125 0.7111856341362
0 1643.3668212890625 3381.580810546875 1730.611572265625 3478.5087890625 0.7090638875961304
0 1777.78662109375 2236.441162109375 1888.384521484375 2338.1259765625 0.7053645253181458
0 1369.0279541015625 2256.341796875 1507.6534423828125 2336.322021484375 0.7049968242645264
0 1366.6156005859375 1783.6595458984375 1503.946044921875 1890.806884765625 0.7001311779022217
0 583.8089599609375 2240.05810546875 717.9816284179688 2328.194580078125 0.7000047564506531
0 2490.497802734375 3627.726806640625 2610.1708984375 3704.447265625 0.6944619417190552
0 256.40692138671875 2186.305419921875 350.5097351074219 2293.375244140625 0.685267448425293
0 125.62841796875 2165.74853515625 247.90541076660156 2270.909912109375 0.6848242878913879
0 2027.586181640625 3680.685302734375 2176.70703125 3764.460693359375 0.6844118237495422
0 973.01708984375 2001.182861328125 1105.1612548828125 2080.60693359375 0.6792912483215332
0 1089.1414794921875 2895.8515625 1219.3819580078125 2982.896728515625 0.678929328918457
0 939.3248901367188 3310.8837890625 1063.9088134765625 3435.826904296875 0.6787797808647156
0 1054.4512939453125 2685.86279296875 1162.483154296875 2774.34814453125 0.676807701587677
0 172.1813507080078 2591.088134765625 261.36328125 2731.9306640625 0.675128698348999
0 2361.7431640625 3679.22412109375 2502.4052734375 3783.02685546875 0.6680458188056946
0 1211.980712890625 2034.66015625 1325.1072998046875 2131.56689453125 0.6608785390853882
0 2325.535400390625 998.17236328125 2412.35546875 1161.836669921875 0.6596143841743469
0 657.1301879882812 3483.789306640625 811.6707153320312 3580.21533203125 0.6579466462135315
0 1885.72412109375 3652.667236328125 1974.076171875 3782.33349609375 0.6566125154495239
0 1222.376708984375 3829.53515625 1353.8551025390625 3957.8662109375 0.6547532081604004
0 2424.153564453125 1055.744873046875 2520.11376953125 1215.719482421875 0.6486844420433044
0 113.97676086425781 2450.669921875 245.1902313232422 2578.272216796875 0.6444187164306641
0 529.74365234375 3192.1982421875 676.636962890625 3284.6064453125 0.6354998350143433
0 2779.07373046875 3277.42626953125 2875.76513671875 3356.822265625 0.6331877708435059
0 2752.875732421875 3418.462890625 2851.335205078125 3546.806884765625 0.63071209192276
0 926.7473754882812 3131.080810546875 1003.2173461914062 3267.64599609375 0.6287886500358582
0 1051.712158203125 2063.27294921875 1185.2354736328125 2131.1298828125 0.6234154105186462
0 731.6808471679688 3589.693359375 847.7398071289062 3696.11328125 0.6214196681976318
0 2571.3056640625 2363.685302734375 2661.657470703125 2494.784423828125 0.6170448660850525
0 248.13473510742188 2699.976806640625 332.4886474609375 2852.390380859375 0.6164619326591492
0 1600.7791748046875 3856.429443359375 1678.647216796875 3930.3466796875 0.6109855771064758
0 1816.2591552734375 3896.411865234375 1968.5352783203125 3996.890869140625 0.6096069812774658
0 1655.373779296875 3896.1416015625 1745.2156982421875 4005.4775390625 0.5911353230476379
0 518.8632202148438 3214.082275390625 644.0321044921875 3294.138671875 0.5878890752792358
0 1769.93701171875 3696.358642578125 1881.2615966796875 3803.21533203125 0.5757667422294617
0 2894.671142578125 3305.060791015625 2976.77734375 3429.70458984375 0.5553181171417236
0 1946.5499267578125 3748.464111328125 2043.310302734375 3875.1416015625 0.5501988530158997
0 2796.078857421875 3356.97998046875 2900.389404296875 3451.805908203125 0.5039394497871399
0 1742.693603515625 3859.380126953125 1820.80908203125 3943.03857421875 0.49257606267929077
0 2777.0166015625 3354.80810546875 2896.052001953125 3437.6162109375 0.3370189368724823
0 1896.807861328125 3762.260009765625 2004.037353515625 3876.1357421875 0.2523519694805145
