0 477.47003173828125 2433.89501953125 544.995361328125 2528.363037109375 0.8137590885162354
0 1764.726318359375 3056.35205078125 1841.2725830078125 3134.946533203125 0.7800962328910828
0 621.0784301757812 2749.699951171875 715.7001953125 2825.589111328125 0.7670875787734985
0 1992.1392822265625 1733.337158203125 2089.398681640625 1824.9779052734375 0.7669459581375122
0 466.91705322265625 1983.886962890625 595.6698608398438 2062.246337890625 0.7665559649467468
0 1015.93994140625 2338.808349609375 1096.9444580078125 2417.23583984375 0.7534920573234558
0 1915.7744140625 3843.1826171875 1991.80126953125 3954.807373046875 0.7499656677246094
0 310.66015625 2539.37646484375 428.88238525390625 2622.546142578125 0.7488834857940674
0 2500.778564453125 2165.724365234375 2608.256103515625 2291.81494140625 0.7401918768882751
0 1254.363037109375 3151.63818359375 1362.8629150390625 3224.290283203125 0.7381237149238586
0 2813.369873046875 1881.5977783203125 2888.854248046875 1996.218505859375 0.7297743558883667
0 631.6517944335938 2537.87646484375 748.0902099609375 2650.709228515625 0.7295348644256592
0 2982.333984375 2773.098876953125 3109.817138671875 2846.70654296875 0.7255892753601074
0 2737.26220703125 3490.293701171875 2880.264892578125 3567.08056640625 0.7247362732887268
0 2799.370361328125 3404.100830078125 2938.574462890625 3474.89013671875 0.7224641442298889
0 1806.882568359375 3968.205078125 1879.362548828125 4079.92919921875 0.7204498052597046
0 2686.853271484375 3584.419189453125 2756.2275390625 3692.51123046875 0.7204346060752869
0 1389.764892578125 1315.4232177734375 1506.9661865234375 1438.2684326171875 0.7196606397628784
0 2817.665283203125 3292.513671875 2909.0927734375 3383.12255859375 0.7107285857200623
0 1678.0355224609375 3927.778076171875 1762.190185546875 4010.806396484375 0.7087237238883972
0 2463.68115234375 1588.3555908203125 2576.31982421875 1716.9534912109375 0.7068866491317749
0 2366.126220703125 1485.590576171875 2459.909423828125 1623.5260009765625 0.7064302563667297
0 1937.043212890625 3589.40234375 2032.589599609375 3708.086181640625 0.7063024044036865
0 1884.240478515625 3961.66357421875 1979.0164794921875 4089.918701171875 0.7004519701004028
0 2429.71044921875 2951.95166015625 2548.021240234375 3063.862060546875 0.6999455690383911
0 1034.79443359375 3845.9189453125 1136.6630859375 3953.55322265625 0.6924015879631042
0 549.2235107421875 2945.646728515625 676.4194946289062 3051.1416015625 0.6909784078598022
0 2558.388671875 2514.101806640625 2656.7412109375 2590.5859375 0.6883894205093384
0 1171.2723388671875 3944.39892578125 1314.291748046875 4023.2431640625 0.687791645526886
0 1637.7353515625 3998.924560546875 1709.5260009765625 4094.84228515625 0.6860610246658325
0 2452.292724609375 3524.48974609375 2536.05322265625 3590.15966796875 0.6843666434288025
0 3011.33984375 2848.537841796875 3130.097900390625 2945.513671875 0.6774047613143921
0 2301.720947265625 3507.841552734375 2410.452880859375 3606.5771484375 0.663325309753418
0 1969.8084716796875 3722.86181640625 2047.863525390625 3855.591552734375 0.6574414968490601
0 2920.50439453125 2173.20263671875 3050.682861328125 2267.693115234375 0.6540230512619019
0 2106.830810546875 3444.1796875 2195.638427734375 3577.91064453125 0.6524947881698608
0 2348.509521484375 3619.047607421875 2438.29296875 3740.27880859375 0.6524003744125366
0 724.5035400390625 3561.3662109375 804.01171875 3671.316162109375 0.6515868306159973
0 2452.37255859375 3640.59423828125 2590.79541015625 3732.672119140625 0.642894983291626
0 2914.5986328125 2876.111328125 2988.77685546875 2984.526123046875 0.6358757019042969
0 2420.908447265625 3707.517333984375 2521.582763671875 3789.125244140625 0.63492351770401
0 1739.61279296875 4020.10009765625 1808.8499755859375 4108.57861328125 0.6321963667869568
0 3026.78466796875 2426.9677734375 3117.337158203125 2557.645751953125 0.6279362440109253
0 2997.067626953125 2329.640625 3088.6826171875 2453.04833984375 0.626927375793457
0 1790.0299072265625 3558.19091796875 1884.2269287109375 3647.23828125 0.6262062191963196
0 2973.0615234375 3025.351318359375 3062.902587890625 3159.873779296875 0.6136606931686401
0 2512.607666015625 3746.7294921875 2636.13134765625 3819.470458984375 0.6083931922912598
0 2885.87451171875 2985.389892578125 2965.046630859375 3118.146240234375 0.6030905246734619
0 2521.120849609375 3583.81640625 2658.0986328125 3663.134765625 0.5987297892570496
0 2978.760986328125 2229.14501953125 3065.283935546875 2347.7998046875 0.5607280135154724
0 2591.861083984375 3657.90966796875 2721.49853515625 3738.58544921875 0.5212541818618774
