0 1032.5137939453125 1250.606689453125 1150.503173828125 1331.4102783203125 0.7982504963874817
0 1281.161865234375 1198.2884521484375 1376.9725341796875 1308.6256103515625 0.7916417717933655
0 1204.755859375 1528.637451171875 1300.6719970703125 1625.0552978515625 0.7769012451171875
0 1337.3577880859375 1906.0467529296875 1434.4754638671875 1991.7342529296875 0.7767518758773804
0 926.6157836914062 1452.24365234375 1044.8331298828125 1521.66650390625 0.7737176418304443
0 2402.056640625 2960.739501953125 2479.303466796875 3085.616943359375 0.7695843577384949
0 2678.717529296875 2612.4873046875 2784.121826171875 2700.08544921875 0.7674292325973511
0 2827.0283203125 2184.216064453125 2914.150634765625 2293.69873046875 0.7611488103866577
0 1295.400146484375 2118.314208984375 1407.6229248046875 2182.861328125 0.7597666382789612
0 1381.67529296875 3362.198974609375 1453.9852294921875 3448.18212890625 0.7577970623970032
0 2862.69921875 3051.151123046875 2985.592529296875 3123.39404296875 0.7574474811553955
0 927.2830810546875 2546.2666015625 1027.2667236328125 2664.46630859375 0.7539721131324768
0 891.9429321289062 1665.001220703125 991.7569580078125 1769.640625 0.7502945065498352
0 1884.7802734375 1876.7159423828125 1995.9150390625 1946.8062744140625 0.746260941028595
0 1145.3026123046875 3462.15869140625 1224.2501220703125 3548.309814453125 0.7440433502197266
0 2541.150634765625 1842.076171875 2640.233154296875 1939.5985107421875 0.7371643781661987
0 1226.6104736328125 2270.52294921875 1328.6468505859375 2367.98486328125 0.7354007363319397
0 2166.015625 3228.545654296875 2276.418701171875 3310.38427734375 0.7348940968513489
0 2043.5653076171875 2240.816162109375 2136.35693359375 2317.903564453125 0.7337523102760315
0 345.2055969238281 2808.892578125 486.29931640625 2892.741455078125 0.7320583462715149
0 746.492431640625 2205.07177734375 855.5073852539062 2295.1728515625 0.731983482837677
0 1648.4052734375 3365.0625 1773.6800537109375 3432.043212890625 0.7317341566085815
0 1210.40283203125 2432.626708984375 1304.0107421875 2541.3583984375 0.7311425805091858
0 2044.2237548828125 3657.7939453125 2159.6396484375 3774.14453125 0.7260706424713135
0 748.742431640625 3405.5009765625 864.6505737304688 3531.699951171875 0.7231863141059875
0 785.846923828125 2367.9912109375 861.9404907226562 2481.49658203125 0.7204052209854126
0 2027.5533447265625 3531.098388671875 2145.367431640625 3616.100830078125 0.7195215225219727
0 2790.170166015625 3169.8798828125 2902.681884765625 3243.775146484375 0.7184426784515381
0 2309.43603515625 1765.3896484375 2434.57958984375 1842.3040771484375 0.7179704904556274
0 1883.8746337890625 2858.631591796875 1989.4732666015625 2951.360595703125 0.7178915143013
0 1489.757568359375 1467.5072021484375 1607.4876708984375 1568.8660888671875 0.7140167951583862
0 525.7657470703125 3144.500732421875 600.8488159179688 3272.8115234375 0.7114214897155762
0 2505.89453125 3473.402587890625 2597.682373046875 3588.501708984375 0.7098826766014099
0 1872.313232421875 3142.150390625 1973.659423828125 3241.0947265625 0.7062757015228271
0 2013.1136474609375 3149.593505859375 2074.646728515625 3233.218505859375 0.7054651379585266
0 3041.871826171875 2386.75927734375 3120.96728515625 2501.875732421875 0.7053322196006775
0 929.5831909179688 2357.417724609375 1023.1787109375 2466.720458984375 0.6995986700057983
0 1444.439453125 3196.826171875 1528.3372802734375 3274.988037109375 0.6927534341812134
0 1313.291015625 2871.7568359375 1401.17431640625 2941.117431640625 0.6924402713775635
0 580.251708984375 3215.68798828125 672.91552734375 3314.272705078125 0.6919412016868591
0 1346.8499755859375 3683.37109375 1428.8411865234375 3771.74951171875 0.6824199557304382
0 1737.773681640625 2909.1796875 1865.495361328125 3013.88134765625 0.6792147755622864
0 2978.31787109375 2053.739013671875 3064.541015625 2187.552978515625 0.6787089109420776
0 2178.25146484375 3649.852783203125 2308.617431640625 3734.330810546875 0.6721218824386597
0 1430.76025390625 2847.1591796875 1512.73828125 2983.993896484375 0.66597980260849
0 1486.2237548828125 1833.489990234375 1581.8287353515625 1939.2840576171875 0.6658319234848022
0 695.5258178710938 2508.728271484375 820.060791015625 2607.780517578125 0.6567175984382629
0 2738.62939453125 3272.936767578125 2813.438720703125 3402.550537109375 0.649083137512207
0 907.6494750976562 3300.32861328125 982.9434204101562 3402.826904296875 0.638762354850769
0 1414.7762451171875 3728.488525390625 1500.123046875 3866.57763671875 0.6348627805709839
0 2659.686279296875 3144.641845703125 2790.4052734375 3236.61669921875 0.63325434923172
0 821.2476196289062 2768.1494140625 915.654541015625 2896.177978515625 0.6250462532043457
0 565.6889038085938 2962.604248046875 706.947265625 3093.802978515625 0.6157342195510864
0 2636.68359375 3337.55712890625 2755.540283203125 3457.927978515625 0.6071741580963135
0 2306.75048828125 3581.951171875 2425.947509765625 3679.71875 0.6058701872825623
0 2418.2314453125 3568.132568359375 2515.27783203125 3694.8974609375 0.5848504900932312
0 2569.883544921875 3183.260498046875 2662.324951171875 3275.068115234375 0.5629811882972717
0 2598.817138671875 3259.462890625 2697.254638671875 3330.152099609375 0.47882193326950073
0 2775.072509765625 3148.8642578125 2899.099853515625 3232.401123046875 0.4151926040649414
0 2570.22119140625 3279.78271484375 2686.14599609375 3358.95654296875 0.25390058755874634
