0 928.2653198242188 1703.21826171875 1016.1300048828125 1803.95263671875 0.8083574175834656
0 642.7238159179688 2761.144775390625 779.7783203125 2834.600830078125 0.7804054021835327
0 1060.0693359375 1314.944091796875 1153.7352294921875 1419.0797119140625 0.7740050554275513
0 606.5654296875 3176.12841796875 702.200927734375 3294.1640625 0.7709235548973083
0 1886.8240966796875 3081.79296875 1998.3819580078125 3160.968994140625 0.7697926759719849
0 1263.6044921875 3365.809326171875 1395.817138671875 3439.5439453125 0.7696868777275085
0 1024.76806640625 3246.02099609375 1104.0810546875 3327.1435546875 0.7668361663818359
0 619.802001953125 2552.829833984375 691.4459228515625 2662.487060546875 0.7649723291397095
0 2467.4775390625 2994.5927734375 2579.1455078125 3082.22216796875 0.7647244334220886
0 1630.9298095703125 2726.19873046875 1760.6334228515625 2801.300537109375 0.7614197731018066
0 2716.92138671875 3126.044189453125 2803.681396484375 3251.172119140625 0.7607901096343994
0 2814.21826171875 2928.354248046875 2895.56591796875 3039.09228515625 0.758783221244812
0 1555.6956787109375 3648.651123046875 1665.537841796875 3731.459228515625 0.7553266286849976
0 1305.45361328125 3676.434814453125 1435.8831787109375 3753.2978515625 0.7552645206451416
0 1599.4398193359375 3139.773681640625 1701.685302734375 3248.096435546875 0.7491154074668884
0 1508.0426025390625 1293.6805419921875 1623.8994140625 1357.087646484375 0.7472051382064819
0 366.5189208984375 2907.582763671875 469.57147216796875 3011.84228515625 0.7467014789581299
0 1394.0810546875 1175.9405517578125 1514.3427734375 1264.5064697265625 0.7454123497009277
0 2167.17626953125 2520.105712890625 2272.22509765625 2606.18310546875 0.7451413869857788
0 936.0709228515625 1833.7158203125 1053.55126953125 1900.9725341796875 0.7279126644134521
0 552.5782470703125 2794.727294921875 632.1472778320312 2879.0908203125 0.7260894179344177
0 762.9254150390625 3277.09130859375 863.8976440429688 3403.90283203125 0.724303126335144
0 1002.9378051757812 1896.113037109375 1102.9747314453125 1997.2686767578125 0.7231070399284363
0 2082.236572265625 3731.275146484375 2224.3798828125 3804.449462890625 0.720055103302002
0 639.8855590820312 2919.252197265625 725.2581787109375 2989.267822265625 0.7167405486106873
0 2921.59912109375 2034.27001953125 3036.738525390625 2124.981201171875 0.7113686800003052
0 2992.23095703125 2249.69677734375 3125.60693359375 2336.021484375 0.7070356011390686
0 931.0595092773438 3421.396240234375 1003.8164672851562 3534.154296875 0.7067569494247437
0 514.2557983398438 1702.9539794921875 617.9366455078125 1821.140625 0.705025315284729
0 1184.699462890625 2952.921630859375 1272.592529296875 3071.933837890625 0.7049496173858643
0 2347.741943359375 3225.214599609375 2434.2216796875 3351.81591796875 0.6978814005851746
0 2820.239013671875 1981.223388671875 2894.560546875 2103.89111328125 0.6951293349266052
0 2461.43505859375 1926.35400390625 2561.51220703125 2042.709716796875 0.6920574307441711
0 2328.923095703125 3581.728271484375 2437.49169921875 3684.620849609375 0.687620222568512
0 2716.817626953125 2337.496337890625 2835.128662109375 2438.1630859375 0.6754547953605652
0 2603.33935546875 1886.392822265625 2693.107177734375 1972.042236328125 0.6736716628074646
0 2549.7578125 2704.3837890625 2638.54931640625 2770.6123046875 0.6717417240142822
0 2927.001708984375 2133.6416015625 3046.940185546875 2242.009521484375 0.6715846061706543
0 2753.5615234375 1764.946533203125 2839.953857421875 1896.260498046875 0.6702620387077332
0 2441.84814453125 3479.154296875 2515.874755859375 3553.347412109375 0.6645655632019043
0 2934.115234375 2674.0810546875 3023.69189453125 2802.873291015625 0.6597370505332947
0 522.4027099609375 2488.072998046875 596.2723388671875 2556.707275390625 0.6586593389511108
0 2710.627197265625 3293.6923828125 2845.99658203125 3397.77880859375 0.6585129499435425
0 2612.33203125 3226.086669921875 2745.131103515625 3315.32666015625 0.6543676257133484
0 2421.202392578125 3562.60693359375 2561.618896484375 3630.14599609375 0.6519761681556702
0 929.5756225585938 3575.155029296875 1030.5301513671875 3700.97021484375 0.6476098299026489
0 2616.156005859375 2278.890625 2688.59423828125 2410.115966796875 0.6466665863990784
0 2020.35595703125 3685.58447265625 2097.18359375 3787.52392578125 0.6409242749214172
0 2146.33447265625 3633.976806640625 2268.718017578125 3751.15869140625 0.6375185251235962
0 1052.802490234375 3596.40185546875 1147.1380615234375 3741.8212890625 0.6335867047309875
0 2546.101318359375 2773.4775390625 2626.492919921875 2848.81787109375 0.6321728825569153
0 2229.0068359375 3259.213134765625 2316.861083984375 3371.063720703125 0.614641547203064
0 2604.1796875 1918.906005859375 2690.131103515625 2001.638671875 0.6081218719482422
0 2856.3017578125 2276.723876953125 2933.350830078125 2403.694091796875 0.6033758521080017
0 1059.6978759765625 3559.317138671875 1144.2979736328125 3670.5087890625 0.5691404342651367
0 2165.76953125 3235.765625 2261.538330078125 3301.14697265625 0.5542556047439575
0 2106.3359375 3568.175537109375 2193.89453125 3632.729248046875 0.5452359318733215
0 2212.17578125 3244.95458984375 2307.927490234375 3346.989501953125 0.4173581004142761
0 2182.836669921875 3245.552978515625 2307.394287109375 3334.67236328125 0.3000430464744568
