0 2239.49462890625 3024.3984375 2326.53955078125 3137.516357421875 0.7737584710121155
0 1732.577392578125 980.1966552734375 1809.5028076171875 1062.6031494140625 0.7646759748458862
0 1430.5145263671875 2603.806884765625 1555.25732421875 2678.30322265625 0.7568085193634033
0 2715.24560546875 445.05975341796875 2839.581787109375 561.1565551757812 0.7412366271018982
0 3200.322265625 752.25341796875 3308.444580078125 875.6089477539062 0.7410253882408142
0 3548.2412109375 1377.0728759765625 3666.17236328125 1481.517333984375 0.7400767207145691
0 2587.28125 624.5985107421875 2713.8271484375 697.9751586914062 0.7334339022636414
0 3436.03076171875 2327.98486328125 3520.849853515625 2442.767822265625 0.727866530418396
0 3555.4677734375 2122.008544921875 3689.964111328125 2203.730224609375 0.7144690752029419
0 3253.9658203125 2148.619873046875 3391.70849609375 2241.49853515625 0.7027425765991211
0 3497.209716796875 2240.906005859375 3619.248779296875 2358.343505859375 0.7018128633499146
0 3151.6484375 1143.7437744140625 3274.131103515625 1267.1234130859375 0.7004197239875793
0 3635.203125 1643.857421875 3765.9755859375 1752.41259765625 0.700079083442688
0 3586.673583984375 1282.5166015625 3690.095458984375 1401.508056640625 0.6960284113883972
0 3375.41162109375 2440.69140625 3511.13720703125 2525.02490234375 0.672764778137207
0 3630.203369140625 1479.85888671875 3770.9794921875 1556.8658447265625 0.6713826656341553
0 2500.005126953125 590.1664428710938 2584.637939453125 727.810791015625 0.6488056182861328
0 3649.26708984375 1567.81201171875 3778.2177734375 1644.57470703125 0.6235867142677307
0 2.1568284034729004 3457.3974609375 211.72671508789062 3468.0 0.2786996066570282
