0 2116.934814453125 1051.532958984375 2220.001953125 1139.6641845703125 0.7923144102096558
0 487.3572998046875 1554.1866455078125 586.3812255859375 1638.8753662109375 0.7914847135543823
0 360.5069580078125 2209.0810546875 447.31597900390625 2344.97265625 0.7831515669822693
0 2312.56201171875 1920.6416015625 2393.0791015625 2009.5616455078125 0.7758666276931763
0 566.76904296875 3149.30126953125 645.3998413085938 3248.443359375 0.757295548915863
0 1357.626953125 2079.0478515625 1442.0797119140625 2166.616943359375 0.7568915486335754
0 962.6647338867188 3558.316650390625 1088.310302734375 3631.9765625 0.7444446682929993
0 692.5439453125 1595.18798828125 808.8175659179688 1703.4786376953125 0.7409042119979858
0 1879.0711669921875 3622.490478515625 1966.11474609375 3728.349365234375 0.7408588528633118
0 1832.5570068359375 3435.859375 1958.1256103515625 3509.833740234375 0.74029141664505
0 2285.60302734375 3392.984619140625 2363.82177734375 3475.31298828125 0.7368512153625488
0 2763.271240234375 2255.016357421875 2857.925048828125 2401.170654296875 0.7272181510925293
0 603.8936767578125 3375.950439453125 694.0082397460938 3521.63427734375 0.7216314673423767
0 235.80413818359375 2582.283203125 335.5625 2721.463134765625 0.7198870778083801
0 207.43418884277344 2455.5361328125 335.5116882324219 2575.3369140625 0.7063577175140381
0 2019.4603271484375 3566.114013671875 2141.99755859375 3660.74169921875 0.6928014755249023
0 391.2497253417969 2433.6572265625 480.1681823730469 2556.34423828125 0.6913571357727051
0 3198.14697265625 2582.0302734375 3280.09423828125 2716.21630859375 0.6877593994140625
0 2475.400634765625 1531.377685546875 2560.980224609375 1657.6434326171875 0.6853348016738892
0 3173.93896484375 2228.384033203125 3299.26171875 2370.833984375 0.6818385124206543
0 2967.2333984375 3201.2734375 3056.70703125 3295.669677734375 0.6768461465835571
0 1576.2071533203125 3748.8310546875 1677.3155517578125 3881.879638671875 0.674375057220459
0 2553.78076171875 2786.388916015625 2693.80908203125 2887.92626953125 0.669572114944458
0 1694.5921630859375 3783.10595703125 1785.39501953125 3914.441650390625 0.6655676960945129
0 2433.42529296875 1178.4495849609375 2565.635009765625 1291.798828125 0.6624158620834351
0 3214.92138671875 2358.216064453125 3317.87353515625 2464.95068359375 0.6607961058616638
0 2329.564453125 3224.70458984375 2415.2890625 3338.4404296875 0.6600362658500671
0 2283.025634765625 1230.232421875 2414.42822265625 1304.9061279296875 0.6573922634124756
0 3135.80810546875 2828.859130859375 3239.1904296875 2965.09228515625 0.6494702696800232
0 1090.4373779296875 3342.915771484375 1221.53759765625 3468.82421875 0.6463686227798462
0 1637.34375 3891.117919921875 1788.629150390625 3995.10498046875 0.6360049843788147
0 3027.85498046875 2827.211669921875 3128.68603515625 2908.213623046875 0.6354118585586548
0 902.5429077148438 3639.7080078125 982.09130859375 3764.32666015625 0.6336714029312134
0 3171.14501953125 2724.73193359375 3270.6806640625 2862.26171875 0.630088746547699
0 2481.038818359375 3264.92138671875 2606.378662109375 3343.972412109375 0.6293600797653198
0 1418.9393310546875 3766.448974609375 1507.331298828125 3869.218994140625 0.6233978867530823
0 2410.70458984375 3194.52392578125 2504.5400390625 3283.006103515625 0.6220004558563232
0 977.3164672851562 3708.95458984375 1091.8057861328125 3800.054443359375 0.6165679693222046
0 2942.051513671875 2914.87548828125 3087.101806640625 3016.28662109375 0.6063923239707947
0 1391.6346435546875 3856.54833984375 1505.457763671875 3973.936279296875 0.6028401255607605
0 2288.22119140625 1209.6455078125 2436.628173828125 1304.7607421875 0.5977344512939453
0 2845.933837890625 3388.88427734375 2954.16357421875 3464.845458984375 0.5904043316841125
0 3027.491943359375 2445.662841796875 3108.181884765625 2538.38134765625 0.5868846774101257
0 2779.609130859375 3277.333740234375 2911.36962890625 3387.754150390625 0.5866406559944153
0 1176.259521484375 3673.246826171875 1262.0101318359375 3786.9248046875 0.5856367349624634
0 1103.1517333984375 3749.86328125 1206.5792236328125 3879.22607421875 0.5743873715400696
0 2900.65087890625 3299.0126953125 3034.927978515625 3382.802978515625 0.5516722798347473
0 1039.08837890625 3648.29296875 1122.63818359375 3745.10107421875 0.5462421774864197
0 1305.3514404296875 3790.542236328125 1392.021240234375 3932.941162109375 0.5352964401245117
0 1683.15966796875 3787.669677734375 1788.4923095703125 3941.896484375 0.5342772006988525
0 2956.581787109375 2597.65673828125 3023.78271484375 2705.35302734375 0.5111698508262634
0 2969.0185546875 3222.134521484375 3067.494384765625 3323.52587890625 0.48766717314720154
0 1221.629150390625 3799.599365234375 1313.3336181640625 3938.092041015625 0.47828465700149536
0 2999.4990234375 2512.971435546875 3075.6845703125 2638.493896484375 0.45614755153656006
0 2946.799560546875 3278.7607421875 3062.755126953125 3343.79150390625 0.35228514671325684
0 1033.8431396484375 3655.27392578125 1118.96875 3777.324951171875 0.32386648654937744
