0 1966.4622802734375 2004.521728515625 2049.305908203125 2133.026123046875 0.7915306091308594
0 2371.33203125 1407.5364990234375 2501.30126953125 1493.6484375 0.7625529766082764
0 1473.51806640625 937.6423950195312 1578.164794921875 1027.9171142578125 0.7572134733200073
0 2657.824462890625 1383.8448486328125 2734.95703125 1487.37109375 0.7564100623130798
0 3246.0732421875 1138.8345947265625 3360.513427734375 1216.82568359375 0.7553702592849731
0 3425.61865234375 1627.718017578125 3507.065185546875 1711.8258056640625 0.752678632736206
0 2813.156494140625 973.9247436523438 2883.9580078125 1046.800537109375 0.750976026058197
0 1346.4893798828125 1485.3956298828125 1449.0994873046875 1605.9468994140625 0.7485443353652954
0 2954.05712890625 2923.69775390625 3062.4306640625 3000.556640625 0.7480432391166687
0 3543.583740234375 2456.6337890625 3639.32080078125 2554.97412109375 0.7461540102958679
0 3669.22265625 1967.9769287109375 3751.658203125 2098.080322265625 0.7436477541923523
0 3645.55517578125 1385.107177734375 3721.155029296875 1464.9881591796875 0.7394735217094421
0 3296.31640625 2533.373291015625 3420.084716796875 2623.9580078125 0.7341417074203491
0 1360.3836669921875 954.1281127929688 1476.2073974609375 1024.3310546875 0.733683705329895
0 2392.6064453125 755.5897216796875 2499.864013671875 870.2156982421875 0.7331917881965637
0 2877.33642578125 2546.370849609375 2955.687255859375 2619.665771484375 0.7314146757125854
0 2944.773193359375 1239.78759765625 3056.29345703125 1338.6859130859375 0.7306272983551025
0 3185.46728515625 1373.5474853515625 3265.46728515625 1450.16796875 0.7294907569885254
0 1633.951171875 668.4577026367188 1758.8572998046875 760.7501831054688 0.7291959524154663
0 1267.9058837890625 1186.82666015625 1350.6767578125 1289.244140625 0.7260162234306335
0 1827.261962890625 757.3763427734375 1911.609619140625 886.4522705078125 0.7248435020446777
0 1702.4227294921875 815.8561401367188 1789.48046875 945.495849609375 0.7245528697967529
0 2735.860107421875 2128.33984375 2856.3935546875 2214.05126953125 0.7237630486488342
0 2721.84423828125 1601.8311767578125 2826.77734375 1713.3114013671875 0.7200649380683899
0 3742.6064453125 1753.29443359375 3819.96337890625 1867.4310302734375 0.7166883945465088
0 3454.08984375 2476.614013671875 3558.056396484375 2563.516357421875 0.7160643935203552
0 3656.487060546875 2233.15576171875 3768.494384765625 2338.835205078125 0.7064821720123291
0 2097.277099609375 412.74017333984375 2198.715576171875 536.1300048828125 0.7063893675804138
0 2988.3212890625 2680.56005859375 3059.3662109375 2749.61279296875 0.7060998678207397
0 2105.573974609375 1632.409912109375 2181.173095703125 1762.4476318359375 0.6990907788276672
0 2206.524658203125 1365.7733154296875 2316.5498046875 1444.3209228515625 0.6988040804862976
0 2404.4208984375 2423.88623046875 2484.316162109375 2542.97607421875 0.6962785720825195
0 3488.43603515625 820.850830078125 3563.83154296875 954.9633178710938 0.6946626305580139
0 3123.661865234375 798.8795776367188 3241.662109375 875.2545166015625 0.6930903196334839
0 3815.36083984375 1573.8194580078125 3893.224365234375 1709.3927001953125 0.6860596537590027
0 2281.672607421875 396.8124084472656 2380.05224609375 504.6280517578125 0.674254834651947
0 2768.9150390625 2714.979736328125 2838.382080078125 2790.92626953125 0.6722339391708374
0 3284.290283203125 648.897705078125 3387.455322265625 729.8157348632812 0.6703549027442932
0 2775.917236328125 2643.774658203125 2842.71533203125 2715.853271484375 0.6673281192779541
0 3523.0390625 1356.0545654296875 3603.103271484375 1481.2294921875 0.6628763675689697
0 2926.403076171875 785.51025390625 3039.69873046875 873.5723876953125 0.6607776284217834
0 3624.45166015625 1574.97607421875 3722.136474609375 1672.8631591796875 0.6566133499145508
0 2751.530029296875 2388.57666015625 2868.25048828125 2459.2939453125 0.6496238708496094
0 3573.655029296875 2180.977294921875 3648.98974609375 2290.445556640625 0.640339195728302
0 2210.07275390625 436.8644104003906 2293.433349609375 522.3541259765625 0.6349051594734192
0 3756.165283203125 1278.6558837890625 3822.619140625 1418.3685302734375 0.6290029287338257
0 2867.371337890625 2715.28515625 2963.656494140625 2810.500732421875 0.6243709921836853
0 3729.85693359375 1549.1688232421875 3816.50048828125 1679.6217041015625 0.6223267912864685
0 3637.004638671875 1682.612548828125 3717.174072265625 1741.3212890625 0.6129575371742249
0 3203.543212890625 677.064453125 3279.600341796875 798.3832397460938 0.6084061861038208
0 2683.669677734375 413.8397521972656 2788.56591796875 490.8016052246094 0.5944621562957764
0 2955.68115234375 465.933349609375 3031.631103515625 588.6566772460938 0.5895233154296875
0 3059.579345703125 714.0223999023438 3127.676513671875 824.597412109375 0.5540379285812378
0 3205.1318359375 582.4111328125 3284.68359375 660.7500610351562 0.5366182327270508
0 3052.21826171875 625.963134765625 3117.334228515625 698.2273559570312 0.5082697868347168
0 2958.747314453125 496.4199523925781 3034.744384765625 599.319580078125 0.4878346621990204
0 2884.20556640625 559.3385009765625 2974.06787109375 647.6046752929688 0.4853912889957428
0 3096.753662109375 555.4925537109375 3189.73095703125 664.1607055664062 0.4767899513244629
0 2882.18896484375 519.0911254882812 2966.189453125 581.0232543945312 0.36140140891075134
0 3064.02587890625 636.2941284179688 3120.194580078125 691.7033081054688 0.3520013391971588
0 2218.48681640625 423.1812744140625 2305.10205078125 514.9154663085938 0.3232089877128601
0 3151.790283203125 514.44873046875 3266.620361328125 595.6746215820312 0.2830420434474945
0 2.316903591156006 3456.912109375 211.44366455078125 3468.0 0.25678715109825134
