0 1621.240234375 1077.43505859375 1691.6417236328125 1158.218017578125 0.7633959650993347
0 2683.589111328125 458.029296875 2801.338134765625 585.1397094726562 0.7590345144271851
0 3527.91943359375 2171.672119140625 3615.11474609375 2297.957763671875 0.7462564706802368
0 3615.456298828125 1688.3648681640625 3758.944580078125 1768.98779296875 0.7458074688911438
0 2220.864501953125 2981.278076171875 2321.63427734375 3087.637939453125 0.7446568012237549
0 3439.23193359375 2292.38037109375 3520.816650390625 2405.837158203125 0.7412483096122742
0 3491.2314453125 2065.4990234375 3623.361572265625 2142.79541015625 0.7375251650810242
0 1979.603759765625 603.8944702148438 2064.92578125 726.619873046875 0.7365038394927979
0 3588.302001953125 1300.8214111328125 3689.0244140625 1421.023681640625 0.7207194566726685
0 3542.87255859375 1968.6209716796875 3704.28076171875 2061.99267578125 0.7164223790168762
0 1452.998291015625 2484.082275390625 1567.2354736328125 2567.638671875 0.7158555388450623
0 3366.054931640625 2382.267822265625 3496.48876953125 2477.343017578125 0.7097076177597046
0 3637.653564453125 1570.381591796875 3777.45166015625 1643.7083740234375 0.7083315849304199
0 2262.81494140625 192.05963134765625 2367.771484375 301.68768310546875 0.7075993418693542
0 3532.540283203125 1387.3541259765625 3649.29248046875 1484.4090576171875 0.6809634566307068
0 3138.2021484375 733.41748046875 3224.1923828125 849.2235107421875 0.6784418821334839
0 3617.5263671875 1476.1302490234375 3753.531494140625 1556.133056640625 0.6697801947593689
0 3201.221923828125 757.0816650390625 3307.077880859375 906.9596557617188 0.6204541325569153
0 3427.320556640625 2295.293701171875 3511.29638671875 2418.56494140625 0.3731422424316406
0 3224.968994140625 757.3016357421875 3313.423095703125 883.8941650390625 0.3725629150867462
