0 1669.412109375 2812.00390625 1757.9571533203125 2906.50244140625 0.7770422697067261
0 971.699951171875 2603.558837890625 1050.6552734375 2686.344970703125 0.7715408802032471
0 884.90478515625 3745.253662109375 1008.9137573242188 3819.3974609375 0.7596055865287781
0 1849.1317138671875 1873.944580078125 1980.9014892578125 1966.9384765625 0.7545969486236572
0 149.4173583984375 2367.187255859375 227.69064331054688 2486.626953125 0.7512512803077698
0 340.7561340332031 2502.08447265625 425.0182189941406 2601.380859375 0.74885493516922
0 212.33985900878906 3096.369384765625 314.3756103515625 3194.29638671875 0.744561493396759
0 1483.326416015625 3990.113525390625 1564.900390625 4128.572265625 0.7398217916488647
0 2126.292724609375 3367.9736328125 2227.251708984375 3450.396484375 0.7397971153259277
0 1134.9051513671875 3655.217041015625 1250.622314453125 3745.87548828125 0.7393500208854675
0 469.8038635253906 1881.83837890625 594.6640625 1983.511962890625 0.7375210523605347
0 1939.7047119140625 3720.9794921875 2006.4202880859375 3838.09228515625 0.7161227464675903
0 1682.010009765625 4024.274169921875 1765.3402099609375 4148.3056640625 0.7157494425773621
0 2209.677734375 1431.4129638671875 2329.92822265625 1546.2650146484375 0.7114361524581909
0 945.8424682617188 3931.79736328125 1091.30908203125 4012.1416015625 0.7088010907173157
0 1988.68017578125 3294.696044921875 2070.85400390625 3395.856689453125 0.708071231842041
0 2551.601318359375 1817.971923828125 2624.184326171875 1963.859130859375 0.7053992748260498
0 2252.577880859375 3536.550048828125 2340.09033203125 3732.504150390625 0.7041484713554382
0 2111.022216796875 3609.879638671875 2196.975830078125 3687.67529296875 0.7017473578453064
0 1115.74658203125 2804.434326171875 1206.6192626953125 2941.036376953125 0.7008265852928162
0 2861.08056640625 2057.165771484375 2949.52197265625 2197.209228515625 0.6996008157730103
0 2292.052490234375 1372.3802490234375 2400.06494140625 1496.37548828125 0.6983487606048584
0 1043.7115478515625 3407.458984375 1123.814208984375 3526.70947265625 0.6981199979782104
0 1899.1187744140625 3831.243896484375 1986.889892578125 3954.7548828125 0.6933329105377197
0 2321.162841796875 1675.3914794921875 2399.101806640625 1811.5501708984375 0.6899747252464294
0 1381.6226806640625 4032.198486328125 1495.2740478515625 4151.2626953125 0.6839749217033386
0 629.337890625 3205.72412109375 717.3385009765625 3341.1025390625 0.6822472810745239
0 1176.6612548828125 3104.925537109375 1301.3514404296875 3218.49755859375 0.6747851967811584
0 2164.180419921875 2046.2574462890625 2270.21826171875 2159.748779296875 0.6723787188529968
0 1661.605712890625 3830.465087890625 1777.3975830078125 3939.120849609375 0.6700298190116882
0 1904.7215576171875 1221.047119140625 1996.115966796875 1367.8665771484375 0.6631259322166443
0 2272.055419921875 2918.78125 2383.034423828125 3046.660888671875 0.6621811985969543
0 2688.090576171875 1711.5313720703125 2764.7080078125 1847.77880859375 0.6539828777313232
0 1243.4217529296875 3914.11767578125 1358.120361328125 4015.48779296875 0.6496208906173706
0 844.0094604492188 3056.989990234375 968.0289916992188 3164.30810546875 0.6482365131378174
0 2454.525390625 1646.70361328125 2538.187255859375 1753.9945068359375 0.6453670859336853
0 2889.097900390625 2910.814453125 3022.855712890625 3021.78564453125 0.6187214255332947
0 1782.9503173828125 3868.933837890625 1872.1268310546875 3978.998046875 0.6106495261192322
0 684.7505493164062 3319.244873046875 801.2296752929688 3398.036865234375 0.6102825999259949
0 1230.8770751953125 3193.25732421875 1325.1954345703125 3281.88427734375 0.6053109765052795
0 2797.477783203125 1840.1571044921875 2874.18115234375 1989.1331787109375 0.5981348752975464
0 2399.90771484375 1467.5799560546875 2514.4052734375 1575.2550048828125 0.566006600856781
0 2728.345947265625 1828.8731689453125 2795.177978515625 1949.0645751953125 0.565427303314209
0 2615.06982421875 1620.014404296875 2692.92626953125 1763.9774169921875 0.5450765490531921
0 2907.764404296875 3105.35009765625 2992.196044921875 3198.261962890625 0.5340328812599182
0 2934.1689453125 2976.811767578125 3048.89111328125 3098.06689453125 0.5269361138343811
0 2506.52783203125 1539.369140625 2595.90478515625 1667.9522705078125 0.5164297223091125
0 2923.9296875 3099.936767578125 3022.6171875 3191.881103515625 0.4754522740840912
0 1654.3939208984375 3974.970703125 1733.8548583984375 4038.926025390625 0.4665498733520508
0 1407.890869140625 3949.79052734375 1483.5992431640625 4035.646484375 0.43519553542137146
0 1358.3553466796875 3944.287109375 1464.6072998046875 4025.915283203125 0.3810451626777649
0 2560.208740234375 1680.2755126953125 2625.624755859375 1816.756103515625 0.37189415097236633
0 1660.1353759765625 3977.347412109375 1749.9666748046875 4044.113037109375 0.3263002336025238
