0 886.412109375 1708.0252685546875 967.8485717773438 1792.125244140625 0.7967904806137085
0 472.8775634765625 2274.957763671875 552.6441650390625 2362.8974609375 0.7756282687187195
0 1552.6253662109375 1223.0965576171875 1639.6939697265625 1313.2926025390625 0.7651908993721008
0 267.7010803222656 1891.201416015625 367.8885498046875 1999.123779296875 0.7629998326301575
0 1549.3662109375 2381.903564453125 1692.79443359375 2466.439697265625 0.7545703053474426
0 385.62811279296875 2035.335205078125 458.6489562988281 2165.0390625 0.7502162456512451
0 1022.0172119140625 1265.810546875 1145.40771484375 1355.921875 0.7396024465560913
0 777.38134765625 2134.660888671875 896.6880493164062 2213.9580078125 0.7310121655464172
0 2432.512939453125 3111.701416015625 2511.425537109375 3208.473388671875 0.7307685017585754
0 1478.4459228515625 1535.0069580078125 1607.7667236328125 1612.850341796875 0.7296211123466492
0 1928.2379150390625 3509.598876953125 2015.4627685546875 3623.003173828125 0.7275909185409546
0 1407.51806640625 2808.080322265625 1513.5611572265625 2920.72607421875 0.7275522947311401
0 3177.8408203125 2003.013427734375 3276.5947265625 2153.882568359375 0.727055013179779
0 2549.093994140625 3260.28173828125 2663.0048828125 3364.1953125 0.7238886952400208
0 1756.3775634765625 741.3792114257812 1842.77880859375 885.2713623046875 0.7194124460220337
0 2359.4970703125 3225.2763671875 2448.62548828125 3298.92626953125 0.7151293158531189
0 2320.43408203125 3458.069580078125 2414.310302734375 3551.670654296875 0.7145082354545593
0 3015.693115234375 2870.60546875 3134.794189453125 2961.864013671875 0.7124484777450562
0 2778.86376953125 2194.4755859375 2902.0859375 2314.61669921875 0.7117842435836792
0 1216.017578125 2888.06396484375 1310.3170166015625 2995.708740234375 0.7114477753639221
0 2681.78173828125 2288.841796875 2827.40087890625 2402.736083984375 0.7113205790519714
0 2561.116943359375 2707.79345703125 2700.88037109375 2825.0419921875 0.7086105346679688
0 853.6326904296875 2372.8046875 951.6044921875 2505.287353515625 0.7018340826034546
0 2725.450927734375 3246.381591796875 2834.70703125 3339.103515625 0.6991419196128845
0 2497.58740234375 2372.9912109375 2645.89404296875 2452.74951171875 0.6925270557403564
0 2487.240234375 2467.220703125 2606.666015625 2595.98388671875 0.6860681772232056
0 1741.8021240234375 1011.1158447265625 1878.0858154296875 1118.5174560546875 0.6828500032424927
0 1864.8846435546875 3586.23046875 1950.455078125 3736.043212890625 0.6801018714904785
0 1831.5350341796875 735.415771484375 1949.9036865234375 847.2529907226562 0.6785051822662354
0 2185.698486328125 789.2608642578125 2274.41748046875 928.5103759765625 0.676646888256073
0 1956.8050537109375 748.3955078125 2081.846435546875 855.962646484375 0.6758615374565125
0 666.5526733398438 3171.758056640625 750.5194702148438 3316.97705078125 0.6743658781051636
0 2423.12353515625 3286.592529296875 2499.22216796875 3386.767578125 0.6711708307266235
0 1470.8232421875 3499.34130859375 1611.4150390625 3585.938232421875 0.6692899465560913
0 2259.5771484375 3533.397216796875 2415.196533203125 3614.22119140625 0.6687846183776855
0 1562.92626953125 3642.751953125 1701.4395751953125 3742.135986328125 0.6598451137542725
0 2287.49072265625 840.317626953125 2401.763671875 972.9630126953125 0.6534600853919983
0 834.4042358398438 3332.772216796875 916.0830688476562 3454.833740234375 0.647412121295929
0 1095.856689453125 2280.990478515625 1173.78857421875 2362.71826171875 0.6465945243835449
0 2940.2490234375 1531.39208984375 3076.2216796875 1628.9788818359375 0.6375649571418762
0 1181.1756591796875 2321.965087890625 1274.8843994140625 2422.521728515625 0.6367914080619812
0 758.1630249023438 3261.818603515625 838.9862060546875 3383.8759765625 0.6314169764518738
0 1298.3702392578125 3551.763427734375 1390.3099365234375 3673.93505859375 0.6234341859817505
0 1483.5888671875 3596.036376953125 1571.200439453125 3733.827880859375 0.5855623483657837
0 1003.1422119140625 3402.34326171875 1097.519287109375 3533.663818359375 0.5822792053222656
0 1401.385986328125 3570.201416015625 1492.1270751953125 3689.673583984375 0.5792158842086792
0 3067.686279296875 1542.5152587890625 3143.310302734375 1687.730712890625 0.57672119140625
0 915.8566284179688 3352.167236328125 996.0431518554688 3495.335205078125 0.5526553988456726
0 1096.7701416015625 3440.425048828125 1219.5736083984375 3521.350830078125 0.5381715297698975
0 2717.5625 2428.372314453125 2815.054931640625 2505.69873046875 0.5195792317390442
0 1157.828857421875 3520.41650390625 1296.59033203125 3597.5166015625 0.4596107602119446
0 3046.349609375 1535.7449951171875 3145.53759765625 1695.01611328125 0.2689134180545807
