0 735.3924560546875 1779.3262939453125 814.5390014648438 1863.7783203125 0.7855702042579651
0 1782.3482666015625 3050.116943359375 1898.145751953125 3123.8232421875 0.7797627449035645
0 485.4863586425781 2105.968017578125 549.7367553710938 2188.79833984375 0.7790234684944153
0 1017.681640625 1568.355224609375 1125.1884765625 1632.3106689453125 0.7723385095596313
0 2681.285400390625 2350.80908203125 2779.1240234375 2430.181640625 0.7713807225227356
0 926.9844360351562 3173.87646484375 996.8552856445312 3289.09619140625 0.7706949710845947
0 1264.275146484375 3509.105712890625 1384.72314453125 3571.0078125 0.7694265246391296
0 1222.4532470703125 1275.5107421875 1309.1309814453125 1353.6025390625 0.7687767744064331
0 2164.072998046875 2851.50634765625 2252.6611328125 2925.532470703125 0.7680885195732117
0 2563.684814453125 1644.5003662109375 2678.019775390625 1710.5960693359375 0.7653189301490784
0 2315.885986328125 1403.0076904296875 2429.05078125 1486.9739990234375 0.7597671151161194
0 925.3822021484375 2996.75634765625 1042.913330078125 3077.0810546875 0.7559399604797363
0 2814.987060546875 2228.96044921875 2916.236572265625 2330.405517578125 0.7496746778488159
0 509.7258605957031 2257.277099609375 598.2691650390625 2367.3203125 0.7456785440444946
0 2010.827880859375 1233.0091552734375 2085.251708984375 1352.1436767578125 0.7404770851135254
0 585.720458984375 2796.003662109375 660.354248046875 2886.890625 0.7376388907432556
0 1924.434814453125 1859.9058837890625 1988.6435546875 1954.4249267578125 0.7368812561035156
0 2279.787353515625 2037.990478515625 2361.3056640625 2148.885498046875 0.7336875200271606
0 2197.136962890625 1486.7095947265625 2271.915283203125 1564.153564453125 0.7262083292007446
0 2479.39453125 3062.87255859375 2586.24267578125 3159.07666015625 0.7256363034248352
0 1109.7841796875 3443.563720703125 1235.3251953125 3508.84423828125 0.7249449491500854
0 1644.8333740234375 2216.649658203125 1704.4163818359375 2271.655029296875 0.724043071269989
0 1458.619873046875 2194.220947265625 1564.0985107421875 2270.736328125 0.7200349569320679
0 2499.0771484375 1562.1046142578125 2619.036865234375 1629.818603515625 0.7140834927558899
0 2520.486083984375 2895.80859375 2624.1875 2992.57421875 0.7076465487480164
0 2653.0126953125 2963.43115234375 2739.929931640625 3038.022216796875 0.7075223326683044
0 2459.226806640625 1992.739990234375 2526.759765625 2054.885009765625 0.7027489542961121
0 1679.263916015625 2882.040283203125 1742.5447998046875 2979.19873046875 0.695563018321991
0 1048.084716796875 3374.074951171875 1160.43701171875 3460.25927734375 0.6946372985839844
0 2382.826904296875 3069.373291015625 2473.727783203125 3143.9052734375 0.6854185461997986
0 446.385009765625 2181.756591796875 515.0791625976562 2277.86962890625 0.681282639503479
0 824.2730102539062 2422.05419921875 920.9268188476562 2523.833740234375 0.6812546849250793
0 2434.676513671875 1827.519287109375 2553.51904296875 1904.90869140625 0.6802520751953125
0 2190.119140625 3262.441650390625 2248.282958984375 3343.9345703125 0.6800963282585144
0 2131.11962890625 3360.953857421875 2227.862548828125 3469.09619140625 0.678374707698822
0 2777.951416015625 2036.0062255859375 2885.987548828125 2136.067138671875 0.6775640249252319
0 2177.48193359375 3141.571044921875 2284.292724609375 3226.971435546875 0.6763415932655334
0 2100.527587890625 3298.4736328125 2160.3427734375 3379.96923828125 0.657590389251709
0 2264.42822265625 3363.423828125 2333.530029296875 3481.71337890625 0.6547302603721619
0 2811.0849609375 2158.965576171875 2894.5712890625 2227.16064453125 0.594927191734314
0 2201.620849609375 2976.67529296875 2301.76123046875 3029.678955078125 0.5938534140586853
0 2258.40087890625 3284.9482421875 2351.4384765625 3354.197509765625 0.5929454565048218
0 1940.291748046875 2148.77734375 1995.2391357421875 2239.614990234375 0.5928794741630554
0 2019.8973388671875 3067.90576171875 2132.959716796875 3126.3994140625 0.5883889198303223
0 2351.822998046875 3279.550537109375 2418.390380859375 3396.097412109375 0.5754901170730591
0 869.41552734375 3235.769287109375 934.6640014648438 3329.01123046875 0.57457435131073
0 1111.6378173828125 2971.01025390625 1180.9410400390625 3054.3857421875 0.5655488967895508
0 2099.81396484375 2980.41064453125 2171.215576171875 3055.821533203125 0.5401355028152466
0 2160.077880859375 3041.578369140625 2268.132568359375 3114.17529296875 0.5315682291984558
0 1737.35009765625 2534.1904296875 1790.0762939453125 2620.71630859375 0.48971742391586304
0 2341.819091796875 3292.796142578125 2403.213134765625 3401.8310546875 0.4568046033382416
