0 989.72119140625 2994.493408203125 1095.8133544921875 3133.07080078125 0.727416455745697
0 1002.752685546875 2716.484619140625 1104.71923828125 2826.557861328125 0.7269961833953857
0 1102.6011962890625 2567.416748046875 1227.14794921875 2674.901123046875 0.7146838903427124
0 1866.90576171875 3265.119384765625 1976.3521728515625 3367.870361328125 0.691204309463501
0 2052.7568359375 2969.6376953125 2193.81103515625 3071.368408203125 0.6903192400932312
0 1230.41748046875 3170.537353515625 1349.8504638671875 3285.95263671875 0.6833446621894836
0 1358.7178955078125 3148.130126953125 1492.8856201171875 3231.670654296875 0.6802026629447937
0 2171.466796875 2829.731689453125 2258.9443359375 2963.708740234375 0.676552951335907
0 1716.9093017578125 3266.337890625 1797.5908203125 3406.556396484375 0.6582642793655396
0 2189.55224609375 3287.022216796875 2309.2939453125 3380.375732421875 0.6448763012886047
0 1869.6220703125 3459.0859375 1959.4608154296875 3573.006591796875 0.636381208896637
0 1585.2655029296875 3468.233642578125 1664.8675537109375 3601.929931640625 0.631171464920044
0 1810.1444091796875 3339.939453125 1895.3365478515625 3424.291259765625 0.602702260017395
0 1613.3121337890625 3295.566650390625 1688.5396728515625 3422.656005859375 0.6019648313522339
0 1454.88232421875 3386.95556640625 1564.63427734375 3468.84716796875 0.594771146774292
0 2143.48779296875 3364.813720703125 2250.4453125 3450.70654296875 0.5923840403556824
0 1784.9969482421875 3484.200927734375 1869.1724853515625 3583.584228515625 0.41350772976875305
0 1449.71142578125 3452.705810546875 1564.9364013671875 3572.309814453125 0.4066786766052246
0 1681.9267578125 3468.70458984375 1778.2012939453125 3559.9052734375 0.3704835772514343
0 2159.48583984375 3358.53857421875 2276.990966796875 3435.68359375 0.3526919186115265
0 1660.650390625 3390.333984375 1735.785400390625 3503.542236328125 0.2881425619125366
0 1455.19287109375 3387.577392578125 1568.245849609375 3522.2177734375 0.2709091901779175
0 2172.76953125 3304.106201171875 2289.603271484375 3419.061279296875 0.25975507497787476
