0 2088.7666015625 1962.38623046875 2213.606201171875 2038.00390625 0.7779442667961121
0 549.0772705078125 1544.7032470703125 673.5004272460938 1621.1817626953125 0.7748665809631348
0 1870.164794921875 1026.5526123046875 1948.817138671875 1109.2447509765625 0.7696149945259094
0 606.6573486328125 2715.15576171875 685.2008666992188 2809.312744140625 0.7663524150848389
0 608.5568237304688 2578.634033203125 690.98095703125 2676.923828125 0.7634568810462952
0 2135.654052734375 2344.335693359375 2211.181396484375 2424.34619140625 0.7595188021659851
0 2357.02587890625 2989.8369140625 2436.81103515625 3110.090087890625 0.7559075951576233
0 1010.5106201171875 1662.474609375 1112.2864990234375 1759.0836181640625 0.7548921704292297
0 626.9066162109375 3191.193359375 718.9618530273438 3307.94677734375 0.7490900158882141
0 1756.3125 2548.954345703125 1840.718017578125 2651.396240234375 0.7446793913841248
0 1638.4100341796875 1888.4495849609375 1740.015869140625 2014.01220703125 0.7374922037124634
0 1453.31005859375 2782.511962890625 1563.1505126953125 2895.886474609375 0.7374072074890137
0 940.48388671875 2523.189697265625 1036.773193359375 2637.398681640625 0.7331268787384033
0 1852.4674072265625 1185.9527587890625 1984.181884765625 1303.782470703125 0.7326263189315796
0 1815.4984130859375 1317.5797119140625 1939.5087890625 1404.7813720703125 0.7302796840667725
0 1590.6761474609375 2569.85107421875 1669.523193359375 2705.01171875 0.7297415137290955
0 2022.004150390625 2347.597900390625 2117.016357421875 2417.65478515625 0.7274453043937683
0 1837.205810546875 901.3339233398438 1971.868896484375 984.988525390625 0.7255222797393799
0 742.0286865234375 3354.363037109375 864.3629760742188 3459.362548828125 0.7226393222808838
0 2677.731689453125 1339.079833984375 2777.168701171875 1463.92236328125 0.7213689088821411
0 1228.0966796875 2971.813232421875 1340.61328125 3050.641357421875 0.7189218997955322
0 2036.3475341796875 1369.7769775390625 2140.96533203125 1445.704345703125 0.7163471579551697
0 2056.593017578125 2585.81591796875 2173.051025390625 2709.324462890625 0.7114468216896057
0 2608.69384765625 1229.512939453125 2740.609375 1322.79736328125 0.7107217907905579
0 1071.1943359375 3104.520751953125 1223.8662109375 3188.818359375 0.7013242244720459
0 432.9476013183594 2928.397705078125 519.236572265625 3069.977294921875 0.6969985961914062
0 678.7360229492188 2310.964599609375 745.4490966796875 2406.958984375 0.6955838799476624
0 2915.1572265625 2406.082763671875 3028.95361328125 2546.831298828125 0.694970965385437
0 2925.7509765625 2813.98046875 3046.175048828125 2875.658935546875 0.6894466876983643
0 2672.943359375 3225.86865234375 2813.673583984375 3306.325927734375 0.677535891532898
0 1505.9722900390625 2009.575439453125 1581.9476318359375 2137.3037109375 0.6761477589607239
0 1500.8748779296875 3310.9140625 1596.6407470703125 3434.092041015625 0.6728208661079407
0 1345.366455078125 3127.569091796875 1459.1248779296875 3204.744140625 0.6723164319992065
0 2809.73095703125 3133.259521484375 2931.851806640625 3232.7626953125 0.6716131567955017
0 1012.9293823242188 3010.566162109375 1090.087158203125 3075.021728515625 0.6677361726760864
0 716.2372436523438 2721.89501953125 815.3446044921875 2804.543212890625 0.667600154876709
0 1428.7451171875 3248.74658203125 1512.419677734375 3385.841064453125 0.6643285155296326
0 3094.142333984375 2150.610595703125 3207.4130859375 2290.654052734375 0.6635547876358032
0 2756.89599609375 1798.2215576171875 2889.3681640625 1899.9952392578125 0.6601337194442749
0 1742.758544921875 2922.817626953125 1833.220703125 3058.984619140625 0.6575320959091187
0 2029.3480224609375 2288.71923828125 2129.65087890625 2375.171630859375 0.6552667021751404
0 2753.606689453125 2205.105712890625 2891.416748046875 2279.937744140625 0.6526405811309814
0 2938.11474609375 2884.059814453125 3076.7783203125 2979.289794921875 0.6419950127601624
0 2869.561279296875 2996.72119140625 2992.9521484375 3106.80517578125 0.635804295539856
0 2892.075439453125 1881.767822265625 2977.858154296875 2007.983154296875 0.6345469355583191
0 1267.179931640625 2708.4912109375 1349.6151123046875 2848.192626953125 0.6323075294494629
0 1103.0909423828125 3579.549072265625 1254.218505859375 3653.540283203125 0.6314180493354797
0 2908.55859375 2023.2235107421875 2987.65673828125 2137.346435546875 0.6179689764976501
0 1959.2322998046875 1333.7784423828125 2043.8770751953125 1443.822021484375 0.6171724200248718
0 2732.870849609375 2071.931396484375 2851.637939453125 2182.470458984375 0.6158164739608765
0 2882.66943359375 1596.5164794921875 2980.222900390625 1739.335205078125 0.6082488894462585
0 2336.814697265625 2322.6796875 2403.041259765625 2412.952880859375 0.6043712496757507
0 2794.40869140625 1477.5 2868.42529296875 1596.3388671875 0.5689735412597656
0 2281.7919921875 2246.023681640625 2365.455078125 2361.059814453125 0.5400338768959045
0 2656.060302734375 2110.12548828125 2756.4384765625 2217.015380859375 0.5387403964996338
0 2682.72998046875 1473.5654296875 2786.423583984375 1570.4481201171875 0.5076831579208374
0 1966.418212890625 809.12255859375 2014.5914306640625 886.54296875 0.5032109022140503
0 2874.038818359375 1615.0316162109375 2963.4580078125 1747.0169677734375 0.4629114866256714
0 2026.76123046875 2305.69287109375 2121.23193359375 2413.77734375 0.42850545048713684
0 2889.414794921875 2862.832275390625 3016.67431640625 2948.280029296875 0.3059978187084198
0 2919.924560546875 2870.51220703125 3046.774169921875 2941.541748046875 0.2538019120693207
