0 836.7321166992188 1308.9149169921875 903.4874877929688 1397.3848876953125 0.7968975901603699
0 1052.8883056640625 1145.171142578125 1164.85595703125 1211.642578125 0.7958061695098877
0 351.96429443359375 1827.992431640625 453.9029541015625 1904.842041015625 0.7891526818275452
0 1482.338623046875 3541.814208984375 1563.4300537109375 3652.199462890625 0.7815669178962708
0 857.426025390625 1528.49609375 966.3490600585938 1623.7076416015625 0.7740745544433594
0 1322.269775390625 3376.351806640625 1429.2720947265625 3452.59814453125 0.7725576758384705
0 2228.6923828125 3355.709228515625 2359.79296875 3427.393310546875 0.768572986125946
0 1848.7247314453125 2193.8759765625 1955.085693359375 2263.124267578125 0.7642115354537964
0 1662.8902587890625 1050.0706787109375 1791.633544921875 1138.4515380859375 0.7602048516273499
0 1490.75634765625 3257.510498046875 1603.3759765625 3351.328369140625 0.7581785917282104
0 2333.0615234375 2875.58251953125 2440.64208984375 2975.97216796875 0.7556525468826294
0 1777.297119140625 2385.23828125 1848.3935546875 2457.921142578125 0.7529401183128357
0 372.6576843261719 2009.079345703125 455.2392883300781 2095.64599609375 0.7511332631111145
0 1316.6595458984375 2374.162841796875 1421.0908203125 2478.5380859375 0.7471407651901245
0 773.9415283203125 1919.9427490234375 885.3919067382812 2007.9769287109375 0.7394242286682129
0 1312.5736083984375 3469.64599609375 1436.5028076171875 3544.4501953125 0.7311398983001709
0 1875.448486328125 3007.162109375 1947.765869140625 3109.530029296875 0.724907636642456
0 2616.91650390625 2245.12158203125 2690.609375 2365.739013671875 0.7248291969299316
0 273.66729736328125 2120.13525390625 360.0818176269531 2205.984375 0.7234627604484558
0 2779.97509765625 1960.3690185546875 2846.23583984375 2101.974853515625 0.7226912379264832
0 366.9039611816406 1912.137939453125 452.20819091796875 1992.621826171875 0.7178665399551392
0 304.6337585449219 1996.458740234375 376.9779968261719 2103.935302734375 0.7152788043022156
0 2371.598876953125 3056.510986328125 2489.114013671875 3119.625244140625 0.7090168595314026
0 2038.781982421875 3424.2216796875 2161.087646484375 3524.216064453125 0.7026457190513611
0 1840.569091796875 2730.21435546875 1911.911376953125 2805.285888671875 0.6990887522697449
0 1515.1590576171875 1110.04736328125 1625.2479248046875 1212.1068115234375 0.6962794661521912
0 2096.7822265625 3294.5830078125 2199.75390625 3362.543212890625 0.6946332454681396
0 2385.831298828125 1308.9835205078125 2463.593017578125 1440.843017578125 0.6815361380577087
0 1646.0391845703125 3563.27490234375 1743.7269287109375 3638.164306640625 0.6722357869148254
0 2421.396728515625 3206.849365234375 2541.7275390625 3289.057861328125 0.6717408299446106
0 2203.191650390625 2809.854736328125 2306.11328125 2914.55029296875 0.6703816652297974
0 2289.829833984375 3057.132080078125 2376.71533203125 3134.354248046875 0.668167233467102
0 350.6399230957031 2140.572021484375 434.0793151855469 2238.873291015625 0.6609795689582825
0 1869.13720703125 1913.3314208984375 1971.85498046875 1976.2205810546875 0.6550543308258057
0 1803.4288330078125 3396.7470703125 1904.1068115234375 3475.37109375 0.6537879705429077
0 2796.230712890625 2288.421875 2883.303955078125 2417.75390625 0.651404857635498
0 2510.002685546875 1463.446533203125 2586.97119140625 1578.8673095703125 0.6509472727775574
0 1744.35595703125 3540.39404296875 1840.1634521484375 3623.58154296875 0.6255335807800293
0 2392.667724609375 3114.61572265625 2497.8232421875 3213.692626953125 0.6216397285461426
0 1895.7835693359375 3474.35791015625 1992.968994140625 3559.659423828125 0.6147797107696533
0 1711.7235107421875 3419.088134765625 1789.024658203125 3522.40478515625 0.6140462756156921
0 1826.60205078125 3516.146484375 1946.6595458984375 3597.640869140625 0.586604118347168
0 2676.903076171875 1671.3897705078125 2755.1005859375 1743.97216796875 0.528687059879303
0 2565.933349609375 1519.69873046875 2644.0 1621.703857421875 0.5171823501586914
0 2621.673583984375 1594.298583984375 2693.6552734375 1709.903564453125 0.4863327741622925
0 2693.147705078125 1739.0673828125 2775.1416015625 1835.4442138671875 0.4811984896659851
0 1984.0054931640625 3473.02001953125 2077.57177734375 3550.78564453125 0.4709278643131256
0 1962.276123046875 3460.890625 2070.831787109375 3551.564453125 0.44224315881729126
0 2669.501708984375 1845.3951416015625 2763.443359375 1912.9200439453125 0.42459896206855774
0 304.9954528808594 2040.864990234375 376.6647033691406 2112.16064453125 0.3429279029369354
