0 826.251708984375 1101.14306640625 923.1280517578125 1187.46875 0.7812120914459229
0 1152.3155517578125 2479.99853515625 1239.2928466796875 2578.92138671875 0.7794696092605591
0 2177.977783203125 990.7614135742188 2266.92919921875 1096.0877685546875 0.7725638747215271
0 201.64419555664062 1479.0413818359375 328.03741455078125 1565.60107421875 0.7367496490478516
0 2380.487548828125 3484.18505859375 2532.58154296875 3579.2001953125 0.7346320748329163
0 1694.16650390625 3356.797119140625 1850.740234375 3451.520751953125 0.7340753078460693
0 1120.1951904296875 1345.2923583984375 1234.3797607421875 1433.2432861328125 0.7327792644500732
0 781.4063110351562 2155.4560546875 883.7570190429688 2279.7763671875 0.7275995016098022
0 361.4725341796875 1735.6004638671875 446.2332763671875 1863.025390625 0.725638747215271
0 2297.613525390625 3533.86962890625 2433.5537109375 3653.114501953125 0.7243291139602661
0 824.335205078125 3302.154541015625 917.7918701171875 3407.3828125 0.7207618951797485
0 2208.8984375 1267.3897705078125 2326.4619140625 1401.5443115234375 0.7190902233123779
0 2225.59716796875 3608.7939453125 2339.17431640625 3702.043701171875 0.7114945650100708
0 138.6465301513672 2465.887939453125 233.60752868652344 2595.875732421875 0.7092371582984924
0 131.84458923339844 2852.1904296875 228.88589477539062 3016.7529296875 0.7048066854476929
0 1695.061767578125 3240.93896484375 1835.326171875 3327.53173828125 0.7024790644645691
0 2608.0947265625 3220.39208984375 2732.41064453125 3309.82958984375 0.6980302929878235
0 3015.1025390625 2550.9013671875 3134.0595703125 2701.838623046875 0.694868266582489
0 2703.4912109375 1600.337890625 2811.60595703125 1723.337890625 0.6945204138755798
0 1318.4775390625 1081.6217041015625 1466.244384765625 1187.4359130859375 0.6941680908203125
0 2792.386962890625 3026.17724609375 2927.59130859375 3165.680419921875 0.6930230855941772
0 2242.09326171875 2051.1259765625 2341.02490234375 2203.318115234375 0.692119836807251
0 1464.7099609375 2836.22705078125 1588.88720703125 2925.60546875 0.6917590498924255
0 2360.61328125 3120.43310546875 2507.164794921875 3219.252685546875 0.6895436644554138
0 951.7440185546875 3634.785400390625 1051.197509765625 3789.43359375 0.6883550882339478
0 2199.9228515625 3436.648193359375 2325.3154296875 3539.6044921875 0.6869181990623474
0 762.8656616210938 1407.74853515625 846.19970703125 1538.2271728515625 0.6845354437828064
0 959.6196899414062 3321.794677734375 1078.439208984375 3400.304443359375 0.6844466328620911
0 1248.0400390625 3000.546875 1344.8431396484375 3144.009521484375 0.6808286309242249
0 2093.543212890625 3620.384033203125 2217.76953125 3723.970947265625 0.6798248291015625
0 2374.0087890625 2982.877197265625 2505.332275390625 3092.42919921875 0.677452564239502
0 1977.568603515625 1868.523681640625 2096.295654296875 1997.1417236328125 0.6747140884399414
0 3016.243408203125 2072.867919921875 3095.501220703125 2214.169677734375 0.6746869087219238
0 3018.1181640625 1905.6572265625 3112.68798828125 2050.62939453125 0.6640048027038574
0 36.56037902832031 2601.280029296875 140.52899169921875 2759.114013671875 0.6629685759544373
0 1346.7371826171875 1850.2117919921875 1474.57470703125 1953.93359375 0.6627373099327087
0 1296.5740966796875 3697.05517578125 1418.1068115234375 3791.115478515625 0.6623613238334656
0 2011.9329833984375 3693.796875 2171.32958984375 3780.8623046875 0.654991865158081
0 1315.6358642578125 1744.1185302734375 1412.8355712890625 1845.998779296875 0.6543474197387695
0 1757.7659912109375 3641.325927734375 1864.455322265625 3767.28369140625 0.65365070104599
0 1643.3763427734375 3761.41064453125 1745.7476806640625 3883.8955078125 0.6524696350097656
0 1514.1578369140625 3801.8779296875 1639.526123046875 3899.63134765625 0.6523379683494568
0 2274.9541015625 2979.439453125 2379.049560546875 3100.827880859375 0.6474448442459106
0 1084.00634765625 902.266357421875 1201.7215576171875 1045.2059326171875 0.6459458470344543
0 2599.634033203125 3322.6689453125 2751.13818359375 3400.79052734375 0.6451478004455566
0 1351.8421630859375 973.4979248046875 1449.0628662109375 1065.8636474609375 0.6430272459983826
0 1228.17431640625 3764.581298828125 1372.343017578125 3857.6962890625 0.6395949721336365
0 1202.10400390625 904.9490966796875 1343.9005126953125 999.795166015625 0.6259710788726807
0 1826.962646484375 3716.163330078125 1917.408447265625 3859.98876953125 0.6165913939476013
0 3059.460205078125 2160.370849609375 3145.843994140625 2315.938720703125 0.5955489277839661
0 1372.6551513671875 3772.077880859375 1511.5516357421875 3890.845947265625 0.5543614625930786
0 2271.6455078125 3583.964111328125 2366.671142578125 3681.841796875 0.353754460811615
