0 2198.167724609375 1652.675048828125 2262.153076171875 1726.19580078125 0.7894858121871948
0 2176.3369140625 2954.72412109375 2283.56494140625 3023.87451171875 0.7653694152832031
0 670.1688842773438 1989.80029296875 783.29443359375 2085.805419921875 0.763292133808136
0 967.610595703125 3419.5400390625 1051.90087890625 3482.292236328125 0.7616153359413147
0 1897.88427734375 1831.8670654296875 1996.5975341796875 1897.8035888671875 0.7588447332382202
0 2436.191162109375 3371.597900390625 2506.76513671875 3449.2666015625 0.7537000775337219
0 1452.0408935546875 2643.20849609375 1553.3380126953125 2719.34619140625 0.7419462203979492
0 1097.998779296875 3514.27099609375 1183.720458984375 3625.449951171875 0.7409442663192749
0 1018.5867919921875 3287.0625 1122.896728515625 3373.962158203125 0.7363612055778503
0 581.0343017578125 2655.573974609375 684.565673828125 2782.343505859375 0.7313587069511414
0 2694.726806640625 3176.043701171875 2784.00244140625 3269.04296875 0.7298572063446045
0 424.531982421875 2171.651123046875 510.6666564941406 2265.1005859375 0.724016010761261
0 1839.1851806640625 3352.642822265625 1949.4193115234375 3423.84912109375 0.7220972180366516
0 474.4204406738281 1950.2850341796875 563.2985229492188 2037.8021240234375 0.7126111388206482
0 1992.8109130859375 2737.3525390625 2105.12158203125 2833.17041015625 0.7124549150466919
0 1452.4869384765625 3632.396728515625 1522.5101318359375 3750.26220703125 0.7107383012771606
0 1739.0914306640625 3042.005859375 1841.4891357421875 3110.177734375 0.7099668383598328
0 2876.7900390625 2362.28466796875 2981.534912109375 2473.18359375 0.6964735388755798
0 2259.324951171875 2076.42822265625 2323.259033203125 2139.607666015625 0.6910185813903809
0 1819.8468017578125 3168.69873046875 1944.044189453125 3263.5283203125 0.6876198649406433
0 2393.481201171875 3101.14208984375 2478.868896484375 3172.108154296875 0.6808997392654419
0 1765.861572265625 2648.810302734375 1834.455078125 2754.17822265625 0.6805123090744019
0 2488.452880859375 2972.966796875 2565.232666015625 3050.9248046875 0.6779302358627319
0 2617.4169921875 2319.6640625 2692.216796875 2420.660888671875 0.6773752570152283
0 2378.9853515625 3007.568115234375 2463.195068359375 3080.39892578125 0.6769837737083435
0 2626.790283203125 3250.77294921875 2708.231201171875 3371.837646484375 0.6765720844268799
0 2302.27783203125 2406.073974609375 2386.10595703125 2524.122314453125 0.6755510568618774
0 1249.6322021484375 3202.590576171875 1323.7257080078125 3269.194580078125 0.669593870639801
0 1622.80517578125 3106.645263671875 1679.5433349609375 3212.234619140625 0.668324887752533
0 1912.344970703125 3039.669677734375 1973.3673095703125 3133.881103515625 0.6663622856140137
0 1980.564453125 3154.473388671875 2088.065185546875 3239.68896484375 0.6651042699813843
0 2345.46533203125 1751.3814697265625 2415.031494140625 1860.8878173828125 0.656222939491272
0 534.6084594726562 1993.84765625 615.4554443359375 2099.860107421875 0.6556536555290222
0 2808.2802734375 1783.169921875 2883.256591796875 1908.208251953125 0.6364734768867493
0 2096.648193359375 3581.240966796875 2194.37255859375 3652.572998046875 0.6345902681350708
0 1764.9937744140625 3383.3193359375 1845.815673828125 3474.26416015625 0.6283338069915771
0 1710.64404296875 3668.277099609375 1824.445556640625 3766.181640625 0.6211815476417542
0 426.8240966796875 2254.017333984375 532.5272216796875 2334.7177734375 0.5906603336334229
0 1908.4105224609375 3498.114990234375 2002.25048828125 3569.679931640625 0.5822228193283081
0 2950.11279296875 2178.6611328125 3020.22509765625 2309.556884765625 0.5788337588310242
0 1794.6268310546875 3659.25732421875 1898.021240234375 3756.092041015625 0.5710456967353821
0 1671.6436767578125 3402.47900390625 1767.9093017578125 3478.59130859375 0.5644737482070923
0 2024.646484375 3540.4228515625 2117.551513671875 3622.583251953125 0.5520654320716858
0 1903.28564453125 3577.29931640625 2004.59375 3671.82470703125 0.5472539067268372
0 2017.432373046875 3617.234375 2090.9541015625 3715.1669921875 0.5412456393241882
0 1335.009765625 3218.846923828125 1401.4158935546875 3314.350830078125 0.5172831416130066
0 1769.6270751953125 3583.67578125 1862.602783203125 3649.6279296875 0.5098219513893127
0 1672.7113037109375 3515.761962890625 1761.2860107421875 3642.183837890625 0.5091608166694641
0 1774.2288818359375 3523.576904296875 1895.6217041015625 3583.99169921875 0.47565868496894836
