0 1799.9814453125 2593.478271484375 1888.355712890625 2679.32958984375 0.7804822325706482
0 1486.5859375 2880.09130859375 1595.7952880859375 2960.8603515625 0.7746511101722717
0 2143.6298828125 1833.65771484375 2207.2626953125 1947.23486328125 0.7686368227005005
0 1169.4888916015625 2502.462646484375 1240.67919921875 2581.378662109375 0.763455867767334
0 1819.8568115234375 3426.711669921875 1919.0340576171875 3496.59033203125 0.7598826885223389
0 2866.307373046875 2439.039794921875 2946.5830078125 2562.867919921875 0.755652904510498
0 1130.5465087890625 1663.9034423828125 1216.59033203125 1770.325439453125 0.7481078505516052
0 1984.9326171875 2705.4267578125 2058.4052734375 2816.737548828125 0.7479586601257324
0 473.857421875 1841.932861328125 573.9586181640625 1925.0467529296875 0.7479101419448853
0 838.7962036132812 1674.2177734375 956.1153564453125 1763.18896484375 0.7465033531188965
0 2273.50927734375 1663.7862548828125 2376.933349609375 1769.6790771484375 0.7405662536621094
0 423.70062255859375 2011.3514404296875 496.91839599609375 2121.50244140625 0.7402262687683105
0 1604.4248046875 2427.5439453125 1679.4921875 2499.07421875 0.7345552444458008
0 1065.1680908203125 1949.0667724609375 1134.8963623046875 2050.922607421875 0.7306870222091675
0 1485.3905029296875 3505.8310546875 1597.4189453125 3586.97265625 0.7284592986106873
0 1499.788330078125 1250.0008544921875 1577.9862060546875 1367.1580810546875 0.7258700728416443
0 494.36639404296875 2042.4193115234375 578.2799682617188 2120.871337890625 0.7256094217300415
0 2504.0703125 1327.3963623046875 2584.0947265625 1461.3182373046875 0.7228385210037231
0 913.6342163085938 1999.5283203125 1012.6544799804688 2083.51611328125 0.7190594673156738
0 844.3645629882812 2707.55419921875 975.5517578125 2800.4462890625 0.7187014222145081
0 2357.874267578125 3371.37060546875 2468.00390625 3446.3681640625 0.7166232466697693
0 2374.950927734375 3000.73974609375 2471.85986328125 3064.83349609375 0.7161534428596497
0 383.2713623046875 2139.692138671875 487.16204833984375 2229.1201171875 0.7115836143493652
0 2019.23193359375 1185.862060546875 2155.353271484375 1271.73583984375 0.7101250886917114
0 2381.056884765625 3091.27490234375 2498.229736328125 3163.414794921875 0.692110538482666
0 2743.8095703125 2946.865478515625 2841.7236328125 3038.48681640625 0.6882070899009705
0 2833.885009765625 2760.6103515625 2909.811767578125 2847.324462890625 0.6844792366027832
0 1893.401611328125 3587.59765625 2019.8154296875 3683.63525390625 0.6842992305755615
0 2324.4609375 1204.293701171875 2401.402587890625 1334.88720703125 0.6828636527061462
0 1593.6351318359375 3617.304931640625 1704.9346923828125 3686.180908203125 0.6744979023933411
0 2008.6724853515625 3598.2587890625 2124.055419921875 3663.814453125 0.6740360260009766
0 2212.080078125 3363.163330078125 2286.59228515625 3455.4521484375 0.6716773509979248
0 536.6375732421875 1898.634033203125 615.694091796875 1981.9451904296875 0.6696301102638245
0 2404.55224609375 1242.7918701171875 2471.134521484375 1343.416748046875 0.6641979813575745
0 2712.973388671875 1504.6944580078125 2784.38232421875 1634.6859130859375 0.6581528782844543
0 2322.39794921875 3447.796875 2456.598876953125 3512.439453125 0.63978111743927
0 2833.625732421875 2850.888671875 2929.2607421875 2960.00537109375 0.6367025971412659
0 2162.699462890625 3502.453857421875 2279.20654296875 3596.807861328125 0.6357815265655518
0 2851.724853515625 2674.5224609375 2943.22265625 2741.44189453125 0.6243950724601746
0 2573.7802734375 3007.173095703125 2649.8388671875 3100.61474609375 0.615656316280365
0 2017.4869384765625 3451.737060546875 2142.952880859375 3539.760009765625 0.5982380509376526
0 2945.044189453125 2609.466552734375 3061.38427734375 2709.037841796875 0.5677565932273865
0 2907.718017578125 2558.122802734375 3026.66552734375 2629.76953125 0.5616462230682373
0 2922.4345703125 2722.051513671875 2986.77880859375 2840.977294921875 0.5608093738555908
0 2460.00341796875 3014.261474609375 2552.384033203125 3087.5380859375 0.5436041355133057
0 2586.30810546875 3109.836181640625 2681.08740234375 3191.249267578125 0.5371557474136353
0 2894.787353515625 2561.37255859375 3019.6337890625 2647.84716796875 0.5360087156295776
0 2680.461181640625 3089.866455078125 2779.863525390625 3144.675048828125 0.5253745913505554
0 2066.99658203125 3550.253662109375 2197.336669921875 3628.338623046875 0.5160521268844604
0 2677.76416015625 3134.02587890625 2780.131591796875 3209.9052734375 0.4306657910346985
0 2611.024169921875 3187.480224609375 2697.750244140625 3264.30029296875 0.4008532166481018
0 2670.451171875 3138.278564453125 2774.221435546875 3231.2060546875 0.4003194272518158
0 2331.70068359375 1199.65234375 2415.526123046875 1314.0023193359375 0.3193626403808594
0 2530.00830078125 3099.361328125 2609.645751953125 3163.675048828125 0.2665858864784241
