0 1802.291748046875 3572.40478515625 1884.6748046875 3697.826904296875 0.7796309590339661
0 982.066162109375 1501.1495361328125 1112.4595947265625 1590.2403564453125 0.7724223136901855
0 2485.8212890625 3408.59619140625 2574.731201171875 3503.946533203125 0.7626863121986389
0 1307.9239501953125 3070.8486328125 1421.4110107421875 3145.6416015625 0.7582809329032898
0 447.88287353515625 1961.5989990234375 529.2847900390625 2056.07373046875 0.754175066947937
0 2393.098876953125 2313.863525390625 2478.290283203125 2424.2421875 0.7466628551483154
0 658.876953125 2442.71435546875 790.1188354492188 2523.901123046875 0.7332282662391663
0 645.0987548828125 2886.286865234375 783.6403198242188 2967.900634765625 0.731509268283844
0 1129.5361328125 1018.0972290039062 1231.533935546875 1102.0491943359375 0.7311915159225464
0 2402.2265625 3486.6044921875 2526.798828125 3559.0576171875 0.7302234172821045
0 2114.552490234375 1218.41455078125 2258.541748046875 1301.41015625 0.7299387454986572
0 2075.822509765625 1769.0849609375 2228.525634765625 1851.8232421875 0.7292025089263916
0 1840.037109375 2569.323974609375 1929.3477783203125 2713.844482421875 0.7273417711257935
0 2661.922119140625 1555.9075927734375 2744.885009765625 1641.0582275390625 0.7254480123519897
0 1789.1043701171875 3371.35888671875 1917.7940673828125 3489.00732421875 0.7231432795524597
0 403.8585510253906 1580.951171875 494.14898681640625 1671.912841796875 0.7227981686592102
0 2013.443115234375 3230.067626953125 2112.36767578125 3346.284912109375 0.7198885679244995
0 279.9022521972656 1631.75390625 360.1598205566406 1769.493896484375 0.7167947888374329
0 3091.090087890625 2371.949951171875 3199.337890625 2515.638671875 0.7158401012420654
0 2946.820068359375 2866.0009765625 3082.77001953125 2990.910888671875 0.7142415642738342
0 1702.4727783203125 739.9971923828125 1790.752197265625 895.9284057617188 0.7142075896263123
0 759.49462890625 1648.943603515625 860.1069946289062 1796.3272705078125 0.7120122909545898
0 900.5451049804688 3534.077392578125 1002.6377563476562 3658.428466796875 0.7105175852775574
0 2190.470703125 3487.19921875 2332.32080078125 3579.93310546875 0.7103663682937622
0 2547.92041015625 1729.298828125 2681.2548828125 1809.7291259765625 0.7097383737564087
0 1269.07421875 3641.541259765625 1375.0933837890625 3790.987060546875 0.7081568241119385
0 992.6051025390625 1194.1663818359375 1089.989501953125 1289.847900390625 0.705987274646759
0 556.6080932617188 2129.6064453125 676.0045166015625 2268.519775390625 0.7059343457221985
0 1860.125 2067.445068359375 1956.443603515625 2204.4765625 0.7019412517547607
0 2448.9345703125 1933.41357421875 2578.087890625 2013.66259765625 0.700459897518158
0 1569.4385986328125 1022.11572265625 1711.666015625 1118.4891357421875 0.69970703125
0 1998.7860107421875 3351.19140625 2083.015869140625 3513.267822265625 0.6996030807495117
0 1713.3836669921875 1406.3035888671875 1864.0997314453125 1514.3427734375 0.6995343565940857
0 2039.8099365234375 1093.568359375 2191.393798828125 1178.474365234375 0.6964428424835205
0 1111.9541015625 1121.5240478515625 1204.12548828125 1255.1414794921875 0.696282148361206
0 2023.8350830078125 2133.04443359375 2139.98974609375 2229.60546875 0.6955090165138245
0 1173.6678466796875 1233.90673828125 1323.043701171875 1331.0360107421875 0.6936846375465393
0 748.5669555664062 3352.5439453125 851.558837890625 3500.91748046875 0.6832097768783569
0 1637.8408203125 2930.276611328125 1733.9312744140625 3053.98779296875 0.6758957505226135
0 1269.016357421875 1723.6611328125 1404.8719482421875 1844.9046630859375 0.6738869547843933
0 1535.934814453125 3717.831298828125 1687.3116455078125 3827.925048828125 0.6735072135925293
0 1777.223876953125 3007.271484375 1854.917724609375 3147.49853515625 0.6708340644836426
0 2002.5714111328125 3641.472412109375 2142.4111328125 3730.61572265625 0.6649649143218994
0 1452.79638671875 1782.356689453125 1540.7769775390625 1923.7034912109375 0.6639478802680969
0 2506.33251953125 3039.216064453125 2603.684326171875 3194.38427734375 0.649213969707489
0 2488.4931640625 1678.815185546875 2574.005126953125 1767.780029296875 0.6347659230232239
0 2068.088134765625 3487.9619140625 2185.59521484375 3561.490478515625 0.5881380438804626
0 2542.387939453125 2477.23193359375 2615.697021484375 2590.098388671875 0.567401647567749
0 2608.242431640625 2501.930419921875 2696.09033203125 2625.427734375 0.52823805809021
0 2099.832275390625 3560.479736328125 2248.642578125 3644.202880859375 0.4411433935165405
0 2099.7265625 3569.233642578125 2224.224365234375 3669.322509765625 0.398330956697464
