0 522.4231567382812 2664.655029296875 608.9224853515625 2746.734619140625 0.7656529545783997
0 349.4566345214844 1804.7513427734375 479.0947570800781 1882.020751953125 0.7632613182067871
0 794.4336547851562 2509.72509765625 882.8629760742188 2586.970458984375 0.7621621489524841
0 1319.8006591796875 1153.1702880859375 1461.635498046875 1233.58447265625 0.7549002170562744
0 1282.9891357421875 2820.3740234375 1387.2950439453125 2928.24951171875 0.7533180713653564
0 319.0578308105469 2681.2578125 415.63983154296875 2813.79248046875 0.7482870221138
0 2780.504150390625 3189.930908203125 2915.61279296875 3262.337646484375 0.7466148138046265
0 1699.845703125 2094.98583984375 1778.271484375 2173.46240234375 0.7420375347137451
0 1928.79345703125 3582.3251953125 2019.948486328125 3718.23681640625 0.7389140129089355
0 191.5339813232422 2403.116455078125 280.72235107421875 2505.080810546875 0.7356065511703491
0 2955.7158203125 2571.231201171875 3082.77001953125 2675.035400390625 0.7324693202972412
0 2645.515869140625 2237.355224609375 2745.066162109375 2339.950927734375 0.7270013689994812
0 1788.146240234375 3429.24609375 1878.44140625 3517.036865234375 0.7260937094688416
0 2409.593017578125 3629.779296875 2557.54248046875 3705.703857421875 0.7241480946540833
0 2754.079345703125 2768.5673828125 2832.438232421875 2874.034912109375 0.7234787940979004
0 2476.401611328125 3543.802490234375 2616.260986328125 3620.656982421875 0.722471296787262
0 2734.517578125 1811.525146484375 2809.929931640625 1943.9698486328125 0.7224563956260681
0 1794.2384033203125 3562.617431640625 1891.853515625 3663.953125 0.7144672870635986
0 192.42391967773438 2499.34228515625 315.77484130859375 2572.08837890625 0.700827956199646
0 354.4721984863281 2311.77294921875 430.59222412109375 2411.842529296875 0.6967213153839111
0 917.008544921875 3698.037353515625 1026.6309814453125 3773.033203125 0.6954492926597595
0 2319.670166015625 1315.9381103515625 2396.818359375 1463.2515869140625 0.6950749158859253
0 944.6879272460938 3340.89990234375 1052.9578857421875 3441.270263671875 0.6939542889595032
0 2867.08740234375 2017.96826171875 2985.8173828125 2098.383056640625 0.6912979483604431
0 832.0259399414062 3526.565673828125 904.3306274414062 3653.233154296875 0.6906903982162476
0 1142.4276123046875 3808.25390625 1258.363037109375 3892.44482421875 0.6847030520439148
0 2254.9736328125 3719.101318359375 2334.3349609375 3819.5244140625 0.6846244931221008
0 2719.2373046875 2132.859619140625 2852.89013671875 2203.7119140625 0.6824504137039185
0 2102.88330078125 2977.864990234375 2200.064453125 3115.506103515625 0.6818001866340637
0 2962.93310546875 2274.4853515625 3056.6005859375 2396.22314453125 0.6812441945075989
0 1900.586669921875 3086.74609375 1998.260009765625 3216.298095703125 0.6719618439674377
0 1038.400390625 3805.898681640625 1147.12890625 3904.205810546875 0.6678259372711182
0 1592.108642578125 3103.287353515625 1680.0504150390625 3235.802001953125 0.6609594821929932
0 2937.514892578125 2695.173095703125 3078.37841796875 2770.29541015625 0.6569217443466187
0 1461.170166015625 3189.33544921875 1574.5137939453125 3289.5322265625 0.6554201245307922
0 2429.583251953125 1427.4488525390625 2509.855224609375 1575.7222900390625 0.6546590924263
0 779.4199829101562 3655.713134765625 878.44873046875 3764.068359375 0.6500272154808044
0 2934.568603515625 2778.86767578125 3037.617919921875 2899.696533203125 0.6368570327758789
0 2943.7294921875 2388.339111328125 3068.432861328125 2506.16650390625 0.6261546611785889
0 510.52545166015625 2516.752685546875 628.7071533203125 2614.06787109375 0.6087667346000671
0 2635.7607421875 3274.415283203125 2775.48193359375 3339.58984375 0.6054369211196899
0 2522.739013671875 1458.2391357421875 2604.293701171875 1566.6820068359375 0.6025416851043701
0 2142.9931640625 3701.0048828125 2228.405517578125 3799.27685546875 0.5867870450019836
0 2737.09521484375 3310.3330078125 2845.552001953125 3408.458251953125 0.5748476982116699
0 2140.3779296875 3794.573974609375 2265.781982421875 3861.62255859375 0.5693798065185547
0 2627.83056640625 3331.052490234375 2725.82666015625 3440.080810546875 0.5559553503990173
0 2934.04541015625 2192.3427734375 3028.02685546875 2310.780517578125 0.5455240607261658
0 1022.2606201171875 3705.8984375 1108.1456298828125 3795.720458984375 0.5374807119369507
0 2866.101806640625 2210.848876953125 2938.75 2318.55224609375 0.5324146151542664
0 2918.451904296875 2074.97509765625 2996.769775390625 2189.859130859375 0.4933553636074066
0 499.5317687988281 2502.42822265625 617.5868530273438 2593.909423828125 0.461965411901474
0 2927.880126953125 2067.365966796875 3015.112060546875 2171.1875 0.33904531598091125
0 2138.2587890625 3765.542236328125 2262.728271484375 3847.636474609375 0.3012569546699524
0 2889.57568359375 2063.0302734375 3004.60302734375 2188.1943359375 0.2739541530609131
