0 301.1717834472656 2166.32763671875 405.10052490234375 2245.27490234375 0.8148248791694641
0 1873.582275390625 3284.7216796875 1944.2384033203125 3360.343017578125 0.7953106760978699
0 1295.42578125 3227.43359375 1370.658203125 3303.59814453125 0.7925499081611633
0 438.1193542480469 1738.52783203125 538.3995361328125 1817.7283935546875 0.7896025776863098
0 492.166259765625 2244.91015625 600.1032104492188 2315.591796875 0.7868229746818542
0 2165.9189453125 3281.334716796875 2256.39501953125 3381.109619140625 0.7746460437774658
0 2347.76513671875 3097.54736328125 2434.70263671875 3181.31787109375 0.7742781043052673
0 1300.264892578125 1203.49853515625 1412.858154296875 1273.462890625 0.7666707634925842
0 2793.984375 2413.103759765625 2903.09814453125 2509.22705078125 0.7574576139450073
0 1983.7752685546875 3148.350830078125 2075.76025390625 3218.4814453125 0.7572238445281982
0 531.5072631835938 2446.21240234375 600.4110717773438 2550.7978515625 0.7569420337677002
0 1754.0166015625 2126.0263671875 1870.7193603515625 2207.735595703125 0.7502514123916626
0 736.3989868164062 2148.066650390625 814.1901245117188 2257.927490234375 0.7459672093391418
0 2517.87158203125 3096.669677734375 2646.117431640625 3178.03759765625 0.7455558776855469
0 1559.83935546875 1416.6380615234375 1681.0289306640625 1496.856689453125 0.7447012662887573
0 2380.347412109375 3242.656982421875 2508.1552734375 3323.2177734375 0.7368510365486145
0 1880.525390625 2851.348388671875 1977.23095703125 2961.836669921875 0.7344232797622681
0 2539.285888671875 2193.696044921875 2646.798583984375 2280.878662109375 0.7279146313667297
0 724.7119750976562 3170.581298828125 812.6451416015625 3305.24560546875 0.7275972962379456
0 1043.5538330078125 2136.201416015625 1104.9434814453125 2230.802490234375 0.7262361645698547
0 2377.862060546875 2916.2216796875 2477.573486328125 3019.4404296875 0.7255348563194275
0 2688.468994140625 2835.94873046875 2812.72021484375 2919.0771484375 0.7252636551856995
0 1644.2470703125 3477.493408203125 1774.287841796875 3576.196533203125 0.7186994552612305
0 1873.6033935546875 3082.067138671875 1957.2073974609375 3148.9111328125 0.7159918546676636
0 403.0843505859375 2010.162109375 483.09381103515625 2093.88134765625 0.7128725647926331
0 1220.47119140625 3328.790283203125 1309.6932373046875 3433.304443359375 0.7067457437515259
0 1609.5836181640625 3560.822265625 1715.0428466796875 3630.494140625 0.7018140554428101
0 2426.35693359375 2540.889404296875 2523.561279296875 2639.190185546875 0.6990324258804321
0 1598.497802734375 3153.064208984375 1704.35498046875 3225.92236328125 0.6950076818466187
0 2751.116455078125 2689.975830078125 2860.563720703125 2799.080322265625 0.6936308741569519
0 380.04779052734375 1941.3275146484375 468.69647216796875 2012.8323974609375 0.6802850961685181
0 2613.427490234375 2944.18994140625 2740.22265625 3022.363525390625 0.6769282221794128
0 1644.7362060546875 1050.4306640625 1767.6412353515625 1139.8570556640625 0.6703617572784424
0 360.6156921386719 1866.19189453125 467.33807373046875 1931.8406982421875 0.6701506972312927
0 2183.0205078125 3394.326904296875 2314.672119140625 3459.74267578125 0.6662652492523193
0 1694.3131103515625 1136.6971435546875 1803.8953857421875 1201.9342041015625 0.6640805006027222
0 327.10443115234375 2001.157470703125 401.42181396484375 2110.626708984375 0.6614078283309937
0 2489.396240234375 1443.1278076171875 2562.336669921875 1571.8251953125 0.650742769241333
0 2378.767333984375 1462.3109130859375 2460.670166015625 1550.4798583984375 0.6500833034515381
0 2602.9462890625 1827.356689453125 2690.61572265625 1884.6268310546875 0.6264371871948242
0 2386.687744140625 1330.8385009765625 2471.091064453125 1457.9423828125 0.6256060600280762
0 2543.92431640625 1529.0916748046875 2635.53076171875 1647.1043701171875 0.6239498853683472
0 2761.013671875 1841.9774169921875 2824.554443359375 1965.9122314453125 0.6211739182472229
0 2707.24169921875 1755.4566650390625 2776.800048828125 1870.2056884765625 0.5627744197845459
0 2794.459716796875 2524.0810546875 2877.33251953125 2629.979736328125 0.5575463175773621
0 2753.5634765625 2492.236328125 2841.88427734375 2554.87060546875 0.5552862882614136
0 2644.87646484375 1708.41552734375 2735.4619140625 1812.0625 0.5317374467849731
0 2620.76220703125 1605.2613525390625 2695.234375 1720.35888671875 0.5251546502113342
0 2653.01513671875 1701.2200927734375 2748.231201171875 1778.4359130859375 0.4372652769088745
0 2538.802734375 1643.6695556640625 2622.598388671875 1733.659912109375 0.35447925329208374
0 2388.095947265625 1350.4254150390625 2474.88427734375 1504.86279296875 0.3423680365085602
