0 1271.3162841796875 2670.9423828125 1387.3118896484375 2753.79052734375 0.7595837712287903
0 2207.71826171875 2820.51611328125 2305.239013671875 2925.189208984375 0.7587170600891113
0 1842.3900146484375 2694.582763671875 1959.1612548828125 2779.08447265625 0.745607316493988
0 2076.352783203125 2900.764892578125 2162.851318359375 3012.56689453125 0.7426676750183105
0 1519.04638671875 2569.523193359375 1632.06689453125 2641.484130859375 0.7403020262718201
0 2259.809326171875 3146.323486328125 2357.075927734375 3258.58544921875 0.7389207482337952
0 1512.893798828125 3357.333251953125 1595.254638671875 3471.87646484375 0.7308560013771057
0 1304.4288330078125 3292.644287109375 1410.7449951171875 3396.26025390625 0.7009524703025818
0 1993.3162841796875 3211.865234375 2083.46875 3315.333740234375 0.6990472078323364
0 1206.9661865234375 3239.270263671875 1294.9415283203125 3357.359375 0.6816915273666382
0 2041.0906982421875 3305.068115234375 2145.20068359375 3394.7060546875 0.6734240055084229
0 1742.5408935546875 3514.613525390625 1848.93115234375 3620.10791015625 0.6544972062110901
0 1858.5531005859375 3226.31396484375 1945.2362060546875 3320.146484375 0.6530934572219849
0 1957.427001953125 3374.76708984375 2043.6517333984375 3499.213623046875 0.6255355477333069
0 1748.07958984375 3161.055419921875 1862.588134765625 3247.358154296875 0.6161659955978394
0 1405.657958984375 2603.046875 1543.9476318359375 2665.876953125 0.6100890040397644
0 1872.917724609375 3445.359375 1943.7149658203125 3553.337158203125 0.5872468948364258
0 2005.6077880859375 3482.53955078125 2104.28125 3557.122314453125 0.5310045480728149
0 1194.656005859375 3455.151611328125 1250.7122802734375 3535.4169921875 0.5258800983428955
0 1460.6314697265625 2675.2744140625 1584.5712890625 2762.86083984375 0.5101566314697266
0 1931.4923095703125 3509.121826171875 2011.077392578125 3614.867919921875 0.36936426162719727
0 1155.1053466796875 3501.6611328125 1226.98046875 3564.734619140625 0.26496732234954834
