0 788.6605224609375 2102.375244140625 938.6621704101562 2189.728515625 0.7653034925460815
0 2767.40966796875 1738.9150390625 2867.804931640625 1836.368896484375 0.7614466547966003
0 811.274658203125 3070.1650390625 943.835205078125 3146.385986328125 0.7609248161315918
0 2629.116943359375 1549.9033203125 2763.910400390625 1674.3997802734375 0.757246196269989
0 500.809814453125 1570.0250244140625 643.669921875 1681.229248046875 0.7568489909172058
0 2566.1611328125 1704.63818359375 2673.487548828125 1827.786376953125 0.7550635933876038
0 2615.612060546875 2004.118408203125 2714.989501953125 2097.36328125 0.7507495880126953
0 1143.571044921875 3252.50244140625 1276.474365234375 3331.68115234375 0.7506512999534607
0 267.5955810546875 2023.1231689453125 406.1401672363281 2125.268798828125 0.7455230951309204
0 1321.533447265625 1300.67822265625 1449.9237060546875 1423.5948486328125 0.7449595332145691
0 652.70458984375 3619.523193359375 754.9312133789062 3720.50390625 0.7420305013656616
0 2256.17041015625 1774.24609375 2341.172119140625 1862.2474365234375 0.7417909502983093
0 1688.435791015625 1897.9034423828125 1773.0406494140625 1974.480712890625 0.7403401732444763
0 857.7861938476562 2741.2626953125 933.69580078125 2818.10888671875 0.737436830997467
0 1398.0806884765625 3587.5849609375 1471.171630859375 3728.733642578125 0.7321534156799316
0 332.5480041503906 2307.254638671875 442.9998474121094 2447.64208984375 0.7306943535804749
0 281.7211608886719 1822.9539794921875 373.75445556640625 1932.1671142578125 0.7284780740737915
0 2614.894775390625 3136.48583984375 2725.111328125 3250.2880859375 0.7254408597946167
0 2157.6171875 3591.755615234375 2262.219482421875 3661.529052734375 0.7233994603157043
0 228.2144012451172 1940.5743408203125 319.254150390625 2064.427978515625 0.7174411416053772
0 1960.529296875 3185.54345703125 2040.4583740234375 3269.94189453125 0.7173296809196472
0 1873.5626220703125 3836.452392578125 1976.524169921875 3916.468017578125 0.7144731283187866
0 173.03054809570312 2474.305419921875 270.7095947265625 2627.833740234375 0.7143581509590149
0 1222.99853515625 3875.510498046875 1359.2303466796875 3979.59716796875 0.7137627601623535
0 2274.44384765625 1442.4061279296875 2387.87060546875 1556.8671875 0.7094705104827881
0 2511.502685546875 2898.162109375 2626.510009765625 3014.3173828125 0.7055764198303223
0 845.4501342773438 1831.5689697265625 953.3803100585938 1961.734619140625 0.6953040957450867
0 1689.8319091796875 3489.966064453125 1783.592529296875 3613.5390625 0.6875138878822327
0 255.5814666748047 2127.361328125 365.85076904296875 2248.455078125 0.6859663724899292
0 2365.477294921875 3719.964599609375 2441.66455078125 3834.028564453125 0.680929958820343
0 1835.7017822265625 3135.945556640625 1948.631591796875 3257.063232421875 0.6788962483406067
0 1807.572998046875 3959.406494140625 1939.98095703125 4068.6591796875 0.6757183074951172
0 2386.722412109375 1685.4371337890625 2506.39697265625 1769.6376953125 0.6645504236221313
0 2277.075927734375 3522.31640625 2382.79443359375 3628.144287109375 0.6578025221824646
0 2407.50830078125 1592.4097900390625 2554.293701171875 1671.5728759765625 0.655168354511261
0 2465.45458984375 3023.595458984375 2576.39453125 3153.8388671875 0.6510426998138428
0 2410.711181640625 3658.203857421875 2487.184814453125 3738.45068359375 0.6499720811843872
0 2204.247802734375 3821.79541015625 2304.506103515625 3955.189697265625 0.6431761980056763
0 2441.25390625 3707.3525390625 2556.91455078125 3829.75634765625 0.6361377835273743
0 1334.8984375 3470.07861328125 1409.7049560546875 3546.148681640625 0.624331533908844
0 641.1583251953125 2568.739501953125 714.2345581054688 2641.402099609375 0.6240560412406921
0 2058.501953125 3685.9423828125 2170.034423828125 3752.53955078125 0.613808810710907
0 1636.2476806640625 3894.904296875 1763.368896484375 4003.65625 0.6090966463088989
0 2043.50390625 3916.531494140625 2166.59033203125 4023.66748046875 0.6078639626502991
0 2185.36962890625 3682.53515625 2282.23583984375 3810.52783203125 0.6029102802276611
0 1757.036376953125 3943.97509765625 1861.840576171875 4018.830078125 0.5953707098960876
0 541.5614624023438 2614.16796875 637.4805908203125 2698.00634765625 0.5884515643119812
0 2299.9091796875 3773.6181640625 2380.542724609375 3906.696533203125 0.5654966235160828
0 2002.044921875 3751.2158203125 2107.314697265625 3817.465576171875 0.5232983827590942
0 2034.0731201171875 3863.201171875 2158.017822265625 3928.01806640625 0.5193132758140564
0 2410.8642578125 3662.9921875 2494.241455078125 3761.232421875 0.4966328740119934
0 2104.144287109375 3752.85400390625 2197.340576171875 3853.891357421875 0.449327677488327
0 2267.625244140625 3564.26904296875 2380.239990234375 3638.5947265625 0.44212931394577026
0 626.6068725585938 2634.117431640625 697.8814086914062 2705.254638671875 0.40819641947746277
0 2045.6641845703125 3884.904296875 2168.41650390625 4004.556396484375 0.2770718038082123
