0 2841.69873046875 2773.898193359375 2930.089599609375 2854.620361328125 0.7767960429191589
0 1310.24365234375 858.6849365234375 1451.794921875 946.350830078125 0.7704708576202393
0 1381.9022216796875 968.1995849609375 1473.76416015625 1055.5078125 0.7644540667533875
0 3209.42626953125 1995.1527099609375 3334.26904296875 2061.056884765625 0.7623458504676819
0 1592.1917724609375 642.1495971679688 1710.6651611328125 731.1398315429688 0.7589025497436523
0 2007.6961669921875 2568.20751953125 2109.166748046875 2686.098388671875 0.7540552020072937
0 3789.77001953125 1788.8106689453125 3893.904541015625 1918.5968017578125 0.74880450963974
0 2576.4873046875 3142.007568359375 2675.494384765625 3239.3369140625 0.7453569769859314
0 1118.64111328125 958.08984375 1204.08203125 1059.604248046875 0.7441238760948181
0 2375.806396484375 361.82318115234375 2509.575439453125 461.7780456542969 0.7365342378616333
0 1897.59228515625 2237.78955078125 2000.1788330078125 2330.047119140625 0.730983316898346
0 2757.19580078125 3080.51318359375 2837.8720703125 3203.409423828125 0.7290172576904297
0 3239.47900390625 718.12255859375 3325.011962890625 799.7931518554688 0.728814423084259
0 1674.3592529296875 1348.607421875 1801.8394775390625 1443.823486328125 0.7260470390319824
0 2677.132080078125 2708.755859375 2759.880126953125 2778.0029296875 0.7194684743881226
0 3161.789794921875 2380.19189453125 3288.422119140625 2475.897216796875 0.7193543314933777
0 2629.675537109375 281.0106506347656 2732.6552734375 410.1513671875 0.7096710801124573
0 3695.897216796875 2190.2177734375 3816.074951171875 2261.29296875 0.7072146534919739
0 2995.337646484375 733.7557373046875 3126.983642578125 828.8777465820312 0.7062626481056213
0 3209.085693359375 1399.617431640625 3337.877685546875 1506.4556884765625 0.7046999931335449
0 2106.692138671875 1237.44482421875 2216.858642578125 1362.9505615234375 0.7026574015617371
0 2424.80517578125 3163.07421875 2559.3642578125 3257.63427734375 0.7003633975982666
0 2620.074951171875 807.9234619140625 2690.05712890625 915.3648071289062 0.6973729729652405
0 2531.908447265625 771.7831420898438 2616.747802734375 882.654052734375 0.6965820789337158
0 3296.960205078125 2625.973388671875 3368.666748046875 2744.9755859375 0.6958186626434326
0 3594.58251953125 2447.80810546875 3715.219482421875 2533.554931640625 0.6937298774719238
0 2473.72119140625 2988.039794921875 2540.862060546875 3067.23974609375 0.6882756948471069
0 3371.751708984375 2411.762939453125 3479.029541015625 2522.95068359375 0.6828888654708862
0 3601.239990234375 1486.923828125 3749.737548828125 1571.9534912109375 0.6814427375793457
0 2639.427001953125 2765.669677734375 2702.428466796875 2843.148681640625 0.6797894239425659
0 2496.420166015625 3085.446044921875 2572.668701171875 3188.40234375 0.6770023107528687
0 2880.773681640625 1731.662353515625 2967.871337890625 1832.3804931640625 0.6737887263298035
0 3357.916748046875 2762.619140625 3484.70849609375 2851.4345703125 0.6619358658790588
0 3768.262939453125 1625.961181640625 3868.009033203125 1736.76904296875 0.6604889035224915
0 2496.21435546875 926.8718872070312 2582.654296875 1057.7994384765625 0.6583690643310547
0 3542.12890625 2131.634765625 3677.666748046875 2212.4482421875 0.6467796564102173
0 3623.99658203125 2349.3466796875 3759.236572265625 2433.01416015625 0.6377626061439514
0 3775.613525390625 1931.144775390625 3877.8544921875 2070.100341796875 0.6216499209403992
0 3518.87451171875 2286.561767578125 3612.011474609375 2427.948974609375 0.6152944564819336
0 3669.25439453125 1074.9375 3745.240966796875 1232.6490478515625 0.6121941208839417
0 3650.3857421875 1292.635986328125 3717.20849609375 1417.9385986328125 0.607684314250946
0 2926.32861328125 366.83447265625 3041.081298828125 485.6957702636719 0.6075102090835571
0 3785.640625 1480.3106689453125 3874.29736328125 1617.986083984375 0.6051391959190369
0 3751.73291015625 1369.451171875 3846.179443359375 1501.5430908203125 0.6033356189727783
0 2887.531494140625 453.3353271484375 2983.39794921875 554.53857421875 0.5989547371864319
0 3703.527587890625 1742.6859130859375 3805.365478515625 1866.51708984375 0.597872793674469
0 2796.1943359375 317.7728271484375 2921.161865234375 434.9150085449219 0.5767574310302734
0 2690.6220703125 435.5361022949219 2774.379638671875 581.1902465820312 0.575555145740509
0 2567.844482421875 1052.42431640625 2653.04150390625 1137.26123046875 0.5738290548324585
0 2781.009765625 412.93310546875 2879.341796875 562.8026123046875 0.5687229037284851
0 3737.49560546875 1222.6279296875 3810.302490234375 1376.543701171875 0.568357527256012
0 3549.775146484375 1023.2900390625 3615.408447265625 1129.79736328125 0.5623909831047058
0 3559.9970703125 976.180419921875 3624.262939453125 1095.9068603515625 0.561319887638092
0 3666.554443359375 2272.37109375 3805.943359375 2338.88623046875 0.5411574244499207
0 3619.52880859375 991.1592407226562 3686.04541015625 1099.77587890625 0.5279865264892578
0 3697.014892578125 1917.325927734375 3797.912353515625 2016.6435546875 0.5194003582000732
0 3253.048095703125 1640.1688232421875 3328.6376953125 1718.19140625 0.5182345509529114
0 3668.023193359375 1267.1527099609375 3733.7734375 1384.8880615234375 0.4720293879508972
0 2648.356689453125 422.8843078613281 2764.28759765625 512.34765625 0.4198598265647888
0 2662.525146484375 424.7867126464844 2771.7939453125 575.8888549804688 0.35572531819343567
0 2647.354248046875 423.3936462402344 2736.22119140625 490.3848876953125 0.3541126847267151
0 3589.930419921875 2206.787353515625 3713.721923828125 2274.654296875 0.3454403877258301
0 3582.208740234375 2217.443603515625 3714.83544921875 2288.3740234375 0.33001112937927246
