0 1069.1414794921875 2384.415771484375 1202.4293212890625 2468.484130859375 0.7473334074020386
0 1902.837158203125 2836.97216796875 1984.188232421875 2982.00244140625 0.7170621752738953
0 1565.095703125 3074.52392578125 1686.40234375 3156.80712890625 0.7107310891151428
0 1410.0467529296875 3276.43603515625 1510.1658935546875 3407.771484375 0.709405243396759
0 1712.273193359375 3264.1279296875 1830.5924072265625 3394.779052734375 0.7020347714424133
0 1583.5880126953125 2807.136962890625 1662.9134521484375 2932.632568359375 0.6694552302360535
0 1795.6065673828125 2636.109375 1884.9700927734375 2793.6884765625 0.6595562696456909
0 1519.281494140625 3159.1298828125 1663.7303466796875 3246.1572265625 0.6549467444419861
0 1423.771240234375 2812.075927734375 1507.93896484375 2958.5966796875 0.6008617877960205
0 1497.724853515625 2821.130859375 1582.064697265625 2929.945556640625 0.5233150720596313
