0 1263.929443359375 3222.662841796875 1398.1048583984375 3298.846435546875 0.7546668648719788
0 1363.772705078125 3401.09326171875 1463.3602294921875 3510.504150390625 0.7447998523712158
0 1101.9835205078125 2921.822998046875 1203.9090576171875 3010.486083984375 0.7375519275665283
0 952.4090576171875 2743.90087890625 1060.62109375 2827.608154296875 0.7320908904075623
0 2045.6201171875 3321.688720703125 2115.17138671875 3426.47119140625 0.7104495763778687
0 2188.5048828125 2968.5390625 2277.150146484375 3075.906494140625 0.6911856532096863
0 1916.3638916015625 3037.024658203125 2059.803466796875 3112.9716796875 0.6907440423965454
0 1007.944580078125 3013.738037109375 1099.422607421875 3149.505126953125 0.6839541792869568
0 2102.93408203125 3269.2392578125 2185.833740234375 3356.0732421875 0.674943745136261
0 1212.5330810546875 2898.074951171875 1313.5340576171875 3011.298583984375 0.6727323532104492
0 1876.47607421875 3328.7109375 1970.348876953125 3404.486083984375 0.6627377271652222
0 1723.1878662109375 3429.7880859375 1792.3150634765625 3543.567626953125 0.6615070700645447
0 1785.5662841796875 3113.670654296875 1869.9915771484375 3211.508056640625 0.6463009119033813
0 1927.6671142578125 3482.6640625 2042.939697265625 3563.3583984375 0.6305763721466064
0 2169.562744140625 2894.74560546875 2280.98095703125 2970.872802734375 0.6128734350204468
0 1876.10546875 3101.72998046875 1951.3468017578125 3208.001708984375 0.5831266045570374
0 1781.1917724609375 3344.06103515625 1859.079345703125 3462.68505859375 0.5742486119270325
0 1645.681396484375 3516.826171875 1740.465087890625 3633.113525390625 0.5741205811500549
0 1853.8621826171875 3419.007568359375 1958.6436767578125 3492.15087890625 0.5130083560943604
0 1803.529296875 3482.775634765625 1876.73046875 3585.808837890625 0.5111047029495239
0 1642.84228515625 3567.822509765625 1738.067626953125 3636.495361328125 0.41583117842674255
0 1183.171875 3340.406005859375 1241.687744140625 3398.29296875 0.35441598296165466
