0 1221.119873046875 2528.3779296875 1304.918212890625 2652.970947265625 0.7513940930366516
0 867.4995727539062 2453.394287109375 963.1258544921875 2568.025634765625 0.7331333160400391
0 1149.8856201171875 2780.2646484375 1239.683349609375 2896.943603515625 0.7244742512702942
0 1751.492431640625 2600.09619140625 1832.79833984375 2737.9794921875 0.7151398062705994
0 1015.0371704101562 2651.08251953125 1164.3692626953125 2738.9453125 0.6908022165298462
0 948.7029418945312 2116.8837890625 1034.840576171875 2245.044189453125 0.68097323179245
0 1587.6378173828125 2699.802001953125 1670.7899169921875 2806.062255859375 0.637868344783783
0 1268.5469970703125 2813.867919921875 1348.2957763671875 2915.298095703125 0.6343041062355042
0 1339.942626953125 2851.10009765625 1427.5361328125 2969.36083984375 0.618043839931488
0 1425.6483154296875 2856.843994140625 1514.71142578125 2966.71337890625 0.5761439204216003
0 1454.0374755859375 2739.551513671875 1569.071044921875 2837.103759765625 0.5340389609336853
0 1615.42431640625 2810.832763671875 1698.593994140625 2941.49658203125 0.5144053101539612
0 1499.3841552734375 2852.456787109375 1568.1585693359375 2943.529296875 0.36942359805107117
