0 882.2535400390625 1640.9810791015625 968.8956909179688 1730.841064453125 0.8133418560028076
0 2689.947265625 1829.9835205078125 2770.4501953125 1931.7572021484375 0.8060560822486877
0 1208.96826171875 1519.0526123046875 1323.40576171875 1601.344482421875 0.802866518497467
0 325.53692626953125 1877.209228515625 409.1448669433594 1999.6390380859375 0.7829723954200745
0 1330.4696044921875 3445.03466796875 1427.0540771484375 3543.612060546875 0.7701526880264282
0 2095.33642578125 3590.77734375 2171.06982421875 3667.65234375 0.7671328186988831
0 1045.4993896484375 1838.4595947265625 1162.107177734375 1932.537353515625 0.7658333778381348
0 964.0323486328125 2375.6259765625 1047.3720703125 2476.938232421875 0.7605864405632019
0 1189.611572265625 2814.043212890625 1277.703857421875 2934.621337890625 0.7509412169456482
0 2130.611328125 2504.42626953125 2220.31689453125 2612.25146484375 0.7394284605979919
0 764.6424560546875 3693.008056640625 907.5042724609375 3771.13818359375 0.7337895035743713
0 2640.220947265625 2185.0771484375 2718.043701171875 2317.4326171875 0.7335540652275085
0 516.6524047851562 3421.659912109375 615.1290283203125 3530.199951171875 0.7324106693267822
0 316.4729919433594 2981.952880859375 435.88861083984375 3087.600341796875 0.7259520292282104
0 1614.9879150390625 2123.523193359375 1748.1805419921875 2196.892822265625 0.7189746499061584
0 1918.0882568359375 3645.229248046875 2045.2412109375 3756.261962890625 0.7188311815261841
0 2015.8226318359375 3839.3056640625 2131.829345703125 3956.52294921875 0.7172607183456421
0 1059.563232421875 3624.443603515625 1187.794921875 3752.983642578125 0.7132866978645325
0 164.2963409423828 2465.50830078125 266.59783935546875 2593.77685546875 0.709322988986969
0 409.6719665527344 2434.07080078125 532.35107421875 2522.919921875 0.7088927626609802
0 696.3531494140625 2569.568115234375 787.7830810546875 2703.605224609375 0.7027649879455566
0 1746.5052490234375 3978.018798828125 1872.153564453125 4037.757568359375 0.7017014622688293
0 1350.026123046875 3915.84765625 1419.611328125 4032.763671875 0.6931458711624146
0 168.74330139160156 2758.501220703125 295.5906677246094 2886.274169921875 0.6908807754516602
0 720.4349975585938 3530.1689453125 818.1436157226562 3629.234619140625 0.6874047517776489
0 2715.580078125 3288.039794921875 2790.87890625 3401.45458984375 0.6844024658203125
0 675.103515625 3592.951904296875 766.0977783203125 3727.880859375 0.683949887752533
0 1965.504150390625 2285.211181640625 2069.65478515625 2409.20947265625 0.6839061975479126
0 480.623291015625 1627.9560546875 603.6827392578125 1755.746826171875 0.6821418404579163
0 1787.3514404296875 3897.541015625 1930.0458984375 3978.226806640625 0.6800665259361267
0 1416.9771728515625 3934.47900390625 1501.184814453125 4049.642822265625 0.6785075068473816
0 2972.8818359375 2459.856689453125 3050.0947265625 2607.708984375 0.6770684123039246
0 644.93994140625 1657.8475341796875 755.393310546875 1783.1737060546875 0.6762799024581909
0 842.6640625 3768.912841796875 979.7362060546875 3841.215087890625 0.6749237179756165
0 1416.9556884765625 3200.962646484375 1544.0391845703125 3308.31298828125 0.6615803837776184
0 2839.5986328125 2498.256103515625 2940.441650390625 2621.244140625 0.6575167775154114
0 1158.7242431640625 2645.89306640625 1274.328125 2740.100341796875 0.6551002264022827
0 264.7286376953125 2510.248046875 395.4415283203125 2595.484619140625 0.6530190110206604
0 2645.589111328125 3370.2685546875 2748.19091796875 3478.430419921875 0.6484283804893494
0 201.51475524902344 2596.496337890625 326.9416198730469 2701.768798828125 0.6483887434005737
0 1787.8192138671875 2042.6849365234375 1871.150146484375 2185.1162109375 0.6456806063652039
0 2783.51513671875 3370.664306640625 2863.598388671875 3522.627197265625 0.6345763206481934
0 1446.4425048828125 3005.451171875 1574.653076171875 3086.248291015625 0.6266154050827026
0 613.1846313476562 2679.46533203125 720.324951171875 2755.757568359375 0.6139298677444458
0 1803.52197265625 3471.116455078125 1875.646728515625 3588.826171875 0.6132386326789856
0 1886.7103271484375 3458.447998046875 1998.955322265625 3514.84814453125 0.6095603108406067
0 2236.818115234375 2306.98779296875 2374.188720703125 2400.61328125 0.6092047691345215
0 1155.955810546875 2616.368408203125 1270.831787109375 2734.535400390625 0.5866044759750366
0 1635.215576171875 3894.791259765625 1772.888916015625 3991.083984375 0.5846078991889954
0 1874.7513427734375 3521.96728515625 1988.8199462890625 3588.32373046875 0.556088924407959
0 1758.001220703125 2869.537109375 1834.7457275390625 2953.544677734375 0.5001593828201294
0 1969.2535400390625 3064.47314453125 2034.9656982421875 3124.790771484375 0.4549854099750519
0 2026.067138671875 2679.797607421875 2099.165283203125 2791.89306640625 0.39551815390586853
0 1435.6689453125 3006.786376953125 1553.4642333984375 3105.2412109375 0.38264259696006775
0 1466.62744140625 3004.12646484375 1578.401123046875 3069.423828125 0.28397756814956665
