0 2538.20361328125 3166.307861328125 2633.498779296875 3276.515380859375 0.7881712913513184
0 605.5901489257812 2420.067626953125 684.318115234375 2493.69140625 0.781628429889679
0 744.7978515625 2724.9716796875 858.7863159179688 2788.9375 0.7752549052238464
0 2039.5162353515625 1841.86669921875 2139.537353515625 1917.020751953125 0.7647356390953064
0 426.2685546875 2128.41015625 504.626220703125 2231.70654296875 0.7578624486923218
0 694.638671875 3120.037841796875 800.9583129882812 3200.984130859375 0.7577754855155945
0 1862.0675048828125 3565.71533203125 1945.610107421875 3663.39599609375 0.7576512098312378
0 402.571044921875 2254.20947265625 510.26025390625 2318.247802734375 0.7574986815452576
0 622.7487182617188 2227.340576171875 698.8491821289062 2300.068115234375 0.7562605738639832
0 1685.7503662109375 3155.587890625 1824.530029296875 3236.701171875 0.7558557391166687
0 1327.4383544921875 1369.2989501953125 1407.296875 1448.5413818359375 0.7548367381095886
0 464.54864501953125 2430.698974609375 531.2412109375 2514.042724609375 0.7546467781066895
0 778.5966796875 2464.39013671875 874.120849609375 2560.39013671875 0.7502268552780151
0 2223.56494140625 1430.287841796875 2349.71044921875 1503.2933349609375 0.7460910677909851
0 3029.129150390625 2508.921875 3093.88623046875 2614.20849609375 0.7437764406204224
0 2133.5068359375 1179.9971923828125 2212.96923828125 1309.88037109375 0.7420757412910461
0 526.7821655273438 2083.49658203125 609.1392211914062 2163.9306640625 0.7412155270576477
0 2881.26220703125 2908.323486328125 2966.410400390625 2997.64453125 0.7385384440422058
0 2987.755615234375 2613.193603515625 3087.19091796875 2693.31201171875 0.7361209392547607
0 2313.44970703125 1531.8236083984375 2440.11669921875 1616.896240234375 0.7333155870437622
0 2279.451904296875 3473.27978515625 2382.651611328125 3543.52587890625 0.7307597398757935
0 2216.834716796875 3246.492431640625 2284.13232421875 3329.979248046875 0.7302486896514893
0 2261.088623046875 3067.314453125 2378.376708984375 3168.540771484375 0.7226154208183289
0 1797.48583984375 3675.367431640625 1909.1798095703125 3761.833251953125 0.7199981808662415
0 1501.914306640625 2818.974609375 1587.37646484375 2929.17236328125 0.7123682498931885
0 2220.694091796875 1321.474853515625 2333.305419921875 1421.01416015625 0.70671546459198
0 2774.009521484375 1671.0948486328125 2874.756591796875 1738.3388671875 0.7024075984954834
0 1865.5045166015625 2111.80517578125 1988.764892578125 2207.357421875 0.7019580602645874
0 2421.011474609375 2347.2158203125 2492.212158203125 2476.40380859375 0.6956613659858704
0 2728.98583984375 3140.28076171875 2824.558837890625 3219.630859375 0.6885791420936584
0 1948.50732421875 3588.268310546875 2047.129638671875 3657.27978515625 0.6823278069496155
0 1656.455810546875 3698.827392578125 1767.9395751953125 3768.32861328125 0.679634153842926
0 2375.99951171875 3466.96240234375 2504.346923828125 3552.974609375 0.6652365326881409
0 2260.596435546875 3561.048095703125 2375.2861328125 3627.275390625 0.6621668934822083
0 2730.521484375 2997.205810546875 2810.02783203125 3091.9140625 0.6581788659095764
0 802.5195922851562 2096.09130859375 884.8126220703125 2212.18310546875 0.6529831290245056
0 2061.26318359375 3575.765869140625 2172.01953125 3683.846435546875 0.6449050903320312
0 2505.613525390625 1483.3023681640625 2610.85791015625 1578.6427001953125 0.6283515095710754
0 2453.096435546875 1336.275390625 2579.1513671875 1403.34375 0.6279293894767761
0 1937.802490234375 3666.412353515625 2070.42431640625 3739.2734375 0.6246551871299744
0 2020.609619140625 2597.87158203125 2087.286376953125 2692.533447265625 0.6110634207725525
0 2838.699951171875 2981.017333984375 2942.552734375 3074.828125 0.606667697429657
0 2795.02685546875 3074.068115234375 2920.985595703125 3134.660888671875 0.5996320843696594
0 1787.9649658203125 2849.32373046875 1904.4581298828125 2943.73974609375 0.5990033149719238
0 2336.317626953125 1260.774169921875 2468.181884765625 1342.158447265625 0.5988503694534302
0 2697.127685546875 1496.8348388671875 2782.845703125 1608.2818603515625 0.5744945406913757
0 2829.681640625 2961.65673828125 2926.378173828125 3066.690673828125 0.4633125960826874
0 2512.469482421875 1394.014404296875 2613.801513671875 1476.4102783203125 0.41562139987945557
0 2631.529541015625 1434.7713623046875 2689.726806640625 1544.0198974609375 0.34050026535987854
0 2629.53271484375 1461.77490234375 2692.904052734375 1564.8736572265625 0.310349702835083
0 2559.098388671875 1405.0989990234375 2625.715576171875 1493.5145263671875 0.2902382016181946
0 2513.754638671875 1405.0355224609375 2623.853271484375 1495.02197265625 0.28188204765319824
